>AAGATGGCGG	1-AAGATGGCGG	8.008145	-1095.442763	0	T:3665.0(14.81%),B:1380.9(6.40%),P:1e-475	Tpos:665.1,Tstd:430.1,Bpos:554.4,Bstd:497.1,StrandBias:0.5,Multiplicity:1.11
0.983	0.001	0.010	0.006
0.984	0.001	0.001	0.014
0.095	0.104	0.760	0.041
0.984	0.014	0.001	0.001
0.012	0.001	0.034	0.953
0.001	0.001	0.982	0.016
0.001	0.001	0.948	0.050
0.001	0.983	0.001	0.015
0.001	0.001	0.947	0.051
0.125	0.064	0.786	0.025
>VNTTCCGKTN	2-VNTTCCGKTN	6.236817	-1092.986233	0	T:12527.0(50.63%),B:7782.5(36.08%),P:1e-474	Tpos:675.0,Tstd:475.8,Bpos:558.4,Bstd:479.7,StrandBias:-0.0,Multiplicity:1.73
0.317	0.238	0.307	0.138
0.292	0.253	0.219	0.236
0.001	0.020	0.178	0.801
0.076	0.001	0.001	0.922
0.001	0.633	0.001	0.365
0.001	0.889	0.109	0.001
0.001	0.001	0.997	0.001
0.006	0.266	0.421	0.307
0.117	0.288	0.131	0.464
0.193	0.307	0.193	0.308
>ARCCAATCGG	3-ARCCAATCGG	6.558784	-967.461817	0	T:7173.0(28.99%),B:3799.8(17.62%),P:1e-420	Tpos:635.9,Tstd:461.3,Bpos:545.6,Bstd:461.9,StrandBias:0.0,Multiplicity:1.44
0.634	0.054	0.252	0.060
0.444	0.109	0.356	0.092
0.035	0.876	0.058	0.031
0.028	0.892	0.069	0.011
0.969	0.001	0.021	0.009
0.955	0.001	0.029	0.015
0.096	0.074	0.020	0.810
0.125	0.768	0.106	0.001
0.203	0.179	0.603	0.015
0.082	0.211	0.655	0.052
>CGCGAACTTA	4-CGCGAACTTA	4.842480	-820.841597	0	T:10224.0(41.32%),B:6308.0(29.25%),P:1e-356	Tpos:688.6,Tstd:495.8,Bpos:562.6,Bstd:488.7,StrandBias:-0.0,Multiplicity:1.33
0.078	0.722	0.113	0.087
0.071	0.115	0.713	0.101
0.102	0.695	0.117	0.086
0.097	0.105	0.703	0.095
0.695	0.113	0.092	0.100
0.712	0.108	0.088	0.092
0.079	0.708	0.121	0.092
0.094	0.107	0.085	0.714
0.116	0.089	0.107	0.688
0.650	0.109	0.102	0.139
>CGTACCGATT	5-CGTACCGATT	4.787934	-777.824783	0	T:10838.0(43.80%),B:6867.3(31.84%),P:1e-337	Tpos:717.4,Tstd:498.3,Bpos:557.6,Bstd:490.9,StrandBias:-0.1,Multiplicity:1.38
0.139	0.605	0.155	0.101
0.052	0.155	0.631	0.162
0.143	0.153	0.179	0.525
0.575	0.146	0.141	0.138
0.151	0.619	0.172	0.058
0.103	0.684	0.114	0.099
0.137	0.124	0.665	0.074
0.532	0.142	0.160	0.166
0.149	0.176	0.137	0.538
0.086	0.161	0.126	0.627
>WARGGGGCGG	6-WARGGGGCGG	6.749644	-758.208603	0	T:8541.0(34.52%),B:5083.1(23.57%),P:1e-329	Tpos:678.4,Tstd:451.2,Bpos:551.5,Bstd:490.9,StrandBias:0.1,Multiplicity:1.34
0.316	0.134	0.174	0.375
0.766	0.022	0.161	0.051
0.461	0.030	0.352	0.157
0.021	0.037	0.788	0.154
0.195	0.033	0.578	0.194
0.202	0.108	0.511	0.179
0.143	0.022	0.809	0.026
0.203	0.514	0.110	0.173
0.170	0.207	0.616	0.007
0.175	0.153	0.477	0.195
>CGAAACGCGA	7-CGAAACGCGA	4.890939	-709.310567	0	T:12347.0(49.90%),B:8225.9(38.14%),P:1e-308	Tpos:722.7,Tstd:490.3,Bpos:554.9,Bstd:503.2,StrandBias:-0.0,Multiplicity:1.63
0.088	0.767	0.064	0.081
0.093	0.107	0.694	0.106
0.647	0.113	0.119	0.121
0.710	0.097	0.116	0.077
0.646	0.128	0.115	0.111
0.094	0.692	0.119	0.095
0.116	0.113	0.647	0.124
0.089	0.713	0.106	0.092
0.097	0.102	0.713	0.088
0.700	0.103	0.096	0.101
>TWAGYCGGCT	8-TWAGYCGGCT	5.154268	-704.716395	0	T:10566.0(42.70%),B:6765.5(31.37%),P:1e-306	Tpos:699.3,Tstd:465.4,Bpos:557.1,Bstd:494.2,StrandBias:0.0,Multiplicity:1.46
0.088	0.219	0.172	0.521
0.343	0.226	0.034	0.397
0.514	0.232	0.178	0.076
0.175	0.258	0.446	0.122
0.172	0.361	0.149	0.318
0.117	0.705	0.175	0.003
0.008	0.374	0.602	0.016
0.028	0.250	0.577	0.145
0.005	0.601	0.108	0.286
0.042	0.242	0.279	0.437
>GARTTGTAGT	9-GARTTGTAGT	8.501351	-693.042073	0	T:1727.0(6.98%),B:540.2(2.50%),P:1e-300	Tpos:590.7,Tstd:446.7,Bpos:551.0,Bstd:433.2,StrandBias:-0.2,Multiplicity:1.22
0.089	0.001	0.909	0.001
0.872	0.017	0.094	0.017
0.465	0.049	0.372	0.114
0.089	0.158	0.111	0.642
0.053	0.061	0.091	0.795
0.016	0.001	0.974	0.009
0.001	0.042	0.039	0.918
0.837	0.001	0.042	0.120
0.001	0.022	0.976	0.001
0.001	0.109	0.086	0.804
>NNTCKCGCGA	10-NNTCKCGCGA	5.473298	-688.763044	0	T:7582.0(30.64%),B:4452.0(20.64%),P:1e-299	Tpos:704.8,Tstd:435.3,Bpos:546.6,Bstd:498.8,StrandBias:0.0,Multiplicity:1.32
0.261	0.233	0.217	0.289
0.261	0.195	0.271	0.272
0.034	0.202	0.209	0.555
0.022	0.686	0.159	0.133
0.193	0.141	0.366	0.300
0.159	0.783	0.036	0.022
0.034	0.015	0.711	0.240
0.280	0.481	0.177	0.063
0.159	0.190	0.473	0.178
0.820	0.018	0.088	0.074
>VGTAABMCGN	11-VGTAABMCGN	5.988671	-659.898867	0	T:6269.0(25.34%),B:3514.7(16.30%),P:1e-286	Tpos:690.9,Tstd:485.8,Bpos:560.4,Bstd:479.7,StrandBias:0.1,Multiplicity:1.15
0.250	0.376	0.262	0.112
0.001	0.001	0.838	0.160
0.062	0.190	0.001	0.747
0.789	0.163	0.010	0.038
0.490	0.174	0.193	0.144
0.133	0.200	0.319	0.347
0.387	0.266	0.134	0.213
0.001	0.997	0.001	0.001
0.001	0.001	0.997	0.001
0.195	0.304	0.241	0.260
>CGAGACTACG	12-CGAGACTACG	4.944576	-648.521243	0	T:11545.0(46.66%),B:7664.4(35.54%),P:1e-281	Tpos:688.5,Tstd:466.2,Bpos:558.1,Bstd:497.3,StrandBias:-0.0,Multiplicity:1.49
0.083	0.734	0.101	0.082
0.080	0.119	0.695	0.106
0.659	0.102	0.121	0.118
0.128	0.108	0.688	0.076
0.688	0.110	0.106	0.096
0.077	0.720	0.108	0.095
0.105	0.082	0.117	0.696
0.701	0.116	0.088	0.095
0.102	0.729	0.097	0.072
0.080	0.120	0.691	0.109
>AAACGAACGG	13-AAACGAACGG	6.432903	-621.203079	0	T:6846.0(27.67%),B:3994.4(18.52%),P:1e-269	Tpos:725.8,Tstd:531.8,Bpos:562.4,Bstd:466.8,StrandBias:-0.1,Multiplicity:1.25
0.760	0.067	0.093	0.080
0.866	0.053	0.060	0.021
0.802	0.032	0.079	0.087
0.071	0.810	0.076	0.043
0.045	0.061	0.786	0.108
0.799	0.062	0.061	0.078
0.780	0.085	0.056	0.079
0.086	0.747	0.089	0.078
0.050	0.049	0.826	0.075
0.075	0.064	0.822	0.039
>CTAGTCGACT	14-CTAGTCGACT	4.469160	-613.516708	0	T:12823.0(51.82%),B:8802.4(40.81%),P:1e-266	Tpos:680.6,Tstd:491.8,Bpos:565.2,Bstd:474.2,StrandBias:-0.0,Multiplicity:1.42
0.134	0.569	0.162	0.135
0.118	0.148	0.137	0.597
0.620	0.130	0.109	0.141
0.126	0.150	0.599	0.125
0.119	0.153	0.148	0.580
0.103	0.657	0.117	0.123
0.138	0.119	0.637	0.106
0.563	0.149	0.143	0.145
0.123	0.598	0.156	0.123
0.145	0.127	0.147	0.581
>CGCTTTTACG	15-CGCTTTTACG	5.148434	-602.726891	0	T:8224.0(33.24%),B:5074.4(23.53%),P:1e-261	Tpos:694.0,Tstd:502.8,Bpos:563.3,Bstd:480.5,StrandBias:-0.0,Multiplicity:1.26
0.100	0.741	0.082	0.077
0.105	0.106	0.695	0.094
0.079	0.692	0.120	0.109
0.072	0.128	0.100	0.700
0.096	0.106	0.115	0.683
0.076	0.088	0.079	0.757
0.114	0.106	0.090	0.690
0.650	0.116	0.100	0.134
0.142	0.696	0.089	0.073
0.106	0.112	0.695	0.087
>GACCGAAGAA	16-GACCGAAGAA	5.526455	-581.797608	0	T:8588.0(34.71%),B:5393.5(25.01%),P:1e-252	Tpos:701.1,Tstd:499.8,Bpos:573.3,Bstd:468.9,StrandBias:-0.0,Multiplicity:1.30
0.092	0.185	0.540	0.183
0.516	0.141	0.179	0.164
0.086	0.577	0.195	0.142
0.028	0.754	0.163	0.055
0.153	0.067	0.676	0.104
0.507	0.165	0.193	0.135
0.571	0.139	0.168	0.122
0.050	0.133	0.738	0.079
0.554	0.128	0.174	0.144
0.610	0.069	0.145	0.176
>YGCGCATGCG	17-YGCGCATGCG	4.947096	-563.936333	0	T:14766.0(59.68%),B:10583.2(49.07%),P:1e-244	Tpos:680.7,Tstd:444.8,Bpos:549.1,Bstd:523.1,StrandBias:0.0,Multiplicity:2.28
0.178	0.246	0.184	0.391
0.260	0.123	0.451	0.166
0.075	0.765	0.075	0.085
0.066	0.080	0.779	0.075
0.166	0.496	0.151	0.186
0.460	0.178	0.164	0.197
0.248	0.109	0.185	0.459
0.190	0.169	0.491	0.150
0.158	0.669	0.077	0.096
0.070	0.186	0.588	0.156
>CCGGTTACTA	18-CCGGTTACTA	5.343086	-540.935408	0	T:9233.0(37.32%),B:5976.4(27.71%),P:1e-234	Tpos:691.9,Tstd:524.7,Bpos:545.1,Bstd:460.2,StrandBias:0.0,Multiplicity:1.28
0.065	0.761	0.092	0.082
0.117	0.765	0.069	0.049
0.025	0.076	0.853	0.046
0.057	0.092	0.795	0.056
0.055	0.065	0.040	0.840
0.068	0.080	0.080	0.772
0.693	0.071	0.168	0.068
0.026	0.875	0.047	0.052
0.041	0.101	0.060	0.798
0.846	0.058	0.041	0.055
>CGGAGTTCGA	19-CGGAGTTCGA	4.988645	-522.855830	0	T:13204.0(53.36%),B:9309.4(43.16%),P:1e-227	Tpos:712.9,Tstd:482.3,Bpos:561.7,Bstd:502.5,StrandBias:0.1,Multiplicity:1.57
0.105	0.723	0.088	0.084
0.099	0.104	0.717	0.080
0.094	0.103	0.719	0.084
0.724	0.113	0.080	0.083
0.093	0.097	0.712	0.098
0.105	0.114	0.088	0.693
0.100	0.129	0.095	0.676
0.117	0.650	0.125	0.108
0.092	0.088	0.706	0.114
0.680	0.110	0.108	0.102
>ASTGRCGTCA	20-ASTGRCGTCA	5.925677	-462.286088	0	T:4220.0(17.06%),B:2300.1(10.66%),P:1e-200	Tpos:677.2,Tstd:488.0,Bpos:556.2,Bstd:462.5,StrandBias:0.1,Multiplicity:1.17
0.473	0.117	0.093	0.318
0.172	0.248	0.390	0.191
0.011	0.268	0.003	0.718
0.258	0.160	0.424	0.158
0.456	0.107	0.343	0.094
0.083	0.904	0.004	0.009
0.007	0.117	0.867	0.009
0.209	0.065	0.109	0.617
0.202	0.490	0.180	0.128
0.478	0.093	0.219	0.210
>CGAAGCGTTA	21-CGAAGCGTTA	6.561787	-436.210450	0	T:4260.0(17.22%),B:2364.0(10.96%),P:1e-189	Tpos:688.2,Tstd:527.3,Bpos:565.0,Bstd:481.6,StrandBias:0.1,Multiplicity:1.13
0.076	0.776	0.072	0.076
0.121	0.087	0.729	0.063
0.780	0.082	0.115	0.023
0.850	0.058	0.052	0.040
0.025	0.057	0.871	0.047
0.103	0.759	0.100	0.038
0.029	0.112	0.770	0.089
0.036	0.058	0.043	0.863
0.060	0.025	0.080	0.835
0.768	0.072	0.114	0.046
>TAACTGCCGC	22-TAACTGCCGC	7.501481	-260.613961	0	T:953.0(3.85%),B:364.7(1.69%),P:1e-113	Tpos:814.3,Tstd:536.8,Bpos:571.1,Bstd:486.2,StrandBias:-0.3,Multiplicity:1.03
0.163	0.198	0.042	0.597
0.694	0.108	0.167	0.031
0.549	0.118	0.148	0.185
0.046	0.670	0.053	0.231
0.145	0.153	0.198	0.504
0.214	0.058	0.673	0.055
0.065	0.647	0.245	0.043
0.131	0.718	0.054	0.097
0.175	0.028	0.764	0.033
0.051	0.711	0.191	0.047
>GTTACCTCCG	23-GTTACCTCCG	9.872586	-131.618557	0	T:199.0(0.80%),B:43.2(0.20%),P:1e-57	Tpos:588.3,Tstd:393.4,Bpos:530.1,Bstd:466.6,StrandBias:1.3,Multiplicity:1.00
0.001	0.001	0.997	0.001
0.001	0.019	0.035	0.945
0.001	0.001	0.001	0.997
0.997	0.001	0.001	0.001
0.001	0.997	0.001	0.001
0.001	0.997	0.001	0.001
0.001	0.001	0.001	0.997
0.001	0.997	0.001	0.001
0.001	0.997	0.001	0.001
0.001	0.001	0.997	0.001
>GACGGGGAAA	24-GACGGGGAAA	10.296193	-104.172169	0	T:162.0(0.65%),B:36.3(0.17%),P:1e-45	Tpos:951.2,Tstd:580.4,Bpos:539.1,Bstd:404.3,StrandBias:-0.6,Multiplicity:1.04
0.100	0.100	0.700	0.100
0.700	0.100	0.100	0.100
0.100	0.700	0.100	0.100
0.100	0.100	0.700	0.100
0.100	0.100	0.700	0.100
0.100	0.100	0.700	0.100
0.100	0.100	0.700	0.100
0.700	0.100	0.100	0.100
0.700	0.100	0.100	0.100
0.700	0.100	0.100	0.100
>TTATTACACT	25-TTATTACACT	10.296193	-97.030719	0	T:46.0(0.19%),B:2.8(0.01%),P:1e-42	Tpos:763.8,Tstd:738.3,Bpos:533.0,Bstd:124.6,StrandBias:0.8,Multiplicity:1.00
0.100	0.100	0.100	0.700
0.100	0.100	0.100	0.700
0.700	0.100	0.100	0.100
0.100	0.100	0.100	0.700
0.100	0.100	0.100	0.700
0.700	0.100	0.100	0.100
0.100	0.700	0.100	0.100
0.700	0.100	0.100	0.100
0.100	0.700	0.100	0.100
0.100	0.100	0.100	0.700
>GCCGCCATSTTG	1-GCCGCCATSTTG	9.126962	-1106.835890	0	T:2995.0(12.10%),B:999.7(4.64%),P:1e-480	Tpos:674.0,Tstd:413.8,Bpos:559.0,Bstd:486.8,StrandBias:-0.5,Multiplicity:1.09
0.142	0.055	0.718	0.085
0.001	0.770	0.116	0.113
0.169	0.792	0.038	0.001
0.001	0.001	0.930	0.068
0.001	0.997	0.001	0.001
0.001	0.997	0.001	0.001
0.997	0.001	0.001	0.001
0.001	0.001	0.006	0.992
0.043	0.419	0.324	0.214
0.083	0.032	0.001	0.884
0.001	0.001	0.001	0.997
0.161	0.253	0.449	0.137
>TVDCYCCGCCCC	2-TVDCYCCGCCCC	6.089761	-886.236633	0	T:7568.0(30.59%),B:4182.0(19.39%),P:1e-384	Tpos:636.6,Tstd:423.5,Bpos:559.5,Bstd:496.6,StrandBias:-0.2,Multiplicity:1.43
0.363	0.001	0.001	0.635
0.335	0.245	0.323	0.097
0.352	0.001	0.325	0.321
0.001	0.997	0.001	0.001
0.059	0.439	0.001	0.501
0.001	0.997	0.001	0.001
0.001	0.997	0.001	0.001
0.001	0.001	0.997	0.001
0.001	0.997	0.001	0.001
0.001	0.997	0.001	0.001
0.001	0.774	0.001	0.224
0.265	0.733	0.001	0.001
>VSTTCCGGTCNN	3-VSTTCCGGTCNN	4.919273	-872.650439	0	T:11334.0(45.81%),B:7123.4(33.03%),P:1e-378	Tpos:684.3,Tstd:486.1,Bpos:565.5,Bstd:483.9,StrandBias:-0.0,Multiplicity:1.54
0.361	0.213	0.224	0.202
0.215	0.373	0.262	0.151
0.162	0.142	0.185	0.511
0.202	0.090	0.090	0.618
0.230	0.558	0.088	0.124
0.051	0.703	0.211	0.035
0.051	0.149	0.749	0.051
0.270	0.095	0.460	0.175
0.114	0.055	0.046	0.785
0.283	0.447	0.127	0.144
0.230	0.285	0.304	0.182
0.316	0.255	0.244	0.185
>NGWAYDRCGAAA	4-NGWAYDRCGAAA	4.944263	-764.249067	0	T:9342.0(37.76%),B:5696.3(26.41%),P:1e-331	Tpos:694.5,Tstd:519.7,Bpos:553.6,Bstd:483.5,StrandBias:-0.0,Multiplicity:1.40
0.250	0.280	0.274	0.197
0.225	0.164	0.408	0.203
0.388	0.053	0.130	0.430
0.526	0.198	0.105	0.171
0.053	0.382	0.185	0.380
0.211	0.129	0.342	0.319
0.359	0.017	0.422	0.202
0.023	0.907	0.001	0.069
0.030	0.033	0.841	0.096
0.500	0.201	0.109	0.190
0.772	0.078	0.084	0.066
0.481	0.209	0.096	0.214
>BSYGATTGGCYG	5-BSYGATTGGCYG	4.711172	-759.154677	0	T:6260.0(25.30%),B:3383.7(15.69%),P:1e-329	Tpos:633.7,Tstd:458.0,Bpos:552.8,Bstd:462.5,StrandBias:0.0,Multiplicity:1.36
0.099	0.327	0.302	0.272
0.117	0.466	0.352	0.065
0.001	0.305	0.257	0.436
0.001	0.001	0.925	0.073
0.997	0.001	0.001	0.001
0.001	0.001	0.001	0.997
0.001	0.001	0.001	0.997
0.001	0.001	0.997	0.001
0.001	0.001	0.997	0.001
0.001	0.767	0.001	0.231
0.123	0.366	0.163	0.348
0.204	0.080	0.610	0.106
>GGGARTTGTAGT	6-GGGARTTGTAGT	10.598115	-733.989719	0	T:1339.0(5.41%),B:337.5(1.57%),P:1e-318	Tpos:560.4,Tstd:399.4,Bpos:572.7,Bstd:465.7,StrandBias:-0.3,Multiplicity:1.27
0.040	0.020	0.927	0.013
0.023	0.003	0.962	0.012
0.070	0.011	0.895	0.024
0.832	0.034	0.108	0.026
0.418	0.101	0.405	0.076
0.165	0.068	0.132	0.635
0.040	0.059	0.087	0.814
0.015	0.013	0.958	0.014
0.021	0.080	0.047	0.852
0.890	0.014	0.076	0.020
0.017	0.011	0.946	0.026
0.028	0.036	0.064	0.872
>NMTCTCGCGAGA	7-NMTCTCGCGAGA	3.490444	-718.656487	0	T:11173.0(45.16%),B:7236.6(33.55%),P:1e-312	Tpos:702.3,Tstd:448.3,Bpos:551.7,Bstd:512.4,StrandBias:0.0,Multiplicity:1.63
0.255	0.202	0.209	0.335
0.396	0.320	0.088	0.197
0.020	0.004	0.072	0.904
0.083	0.874	0.007	0.036
0.001	0.004	0.022	0.973
0.005	0.988	0.001	0.006
0.011	0.001	0.979	0.009
0.001	0.997	0.001	0.001
0.001	0.001	0.991	0.007
0.849	0.084	0.005	0.062
0.074	0.264	0.422	0.239
0.485	0.222	0.160	0.133
>ACCGAAACCGAA	8-ACCGAAACCGAA	-1.663895	-714.905071	0	T:13598.0(54.96%),B:9277.5(43.02%),P:1e-310	Tpos:698.7,Tstd:501.9,Bpos:551.9,Bstd:488.7,StrandBias:-0.1,Multiplicity:1.51
0.567	0.016	0.092	0.325
0.001	0.599	0.292	0.108
0.001	0.997	0.001	0.001
0.001	0.001	0.997	0.001
0.983	0.001	0.001	0.015
0.997	0.001	0.001	0.001
0.997	0.001	0.001	0.001
0.001	0.907	0.001	0.091
0.001	0.997	0.001	0.001
0.001	0.001	0.997	0.001
0.487	0.016	0.309	0.188
0.742	0.016	0.096	0.146
>TTGCGCATGCGC	9-TTGCGCATGCGC	9.252908	-596.365026	0	T:2746.0(11.10%),B:1180.3(5.47%),P:1e-258	Tpos:625.6,Tstd:417.7,Bpos:518.9,Bstd:484.6,StrandBias:-0.1,Multiplicity:1.25
0.099	0.188	0.142	0.571
0.079	0.139	0.125	0.657
0.093	0.092	0.776	0.039
0.054	0.802	0.084	0.060
0.055	0.070	0.828	0.047
0.046	0.840	0.082	0.032
0.609	0.175	0.122	0.094
0.091	0.126	0.166	0.617
0.030	0.098	0.832	0.040
0.053	0.819	0.067	0.061
0.047	0.074	0.813	0.066
0.028	0.836	0.069	0.067
>AAWACGTCGMTT	10-AAWACGTCGMTT	5.289391	-585.452313	0	T:7680.0(31.04%),B:4681.4(21.71%),P:1e-254	Tpos:688.5,Tstd:507.8,Bpos:557.4,Bstd:478.0,StrandBias:-0.0,Multiplicity:1.26
0.526	0.105	0.072	0.297
0.520	0.122	0.071	0.287
0.428	0.054	0.026	0.492
0.649	0.220	0.044	0.087
0.043	0.459	0.211	0.287
0.105	0.075	0.558	0.262
0.235	0.039	0.282	0.445
0.029	0.887	0.028	0.056
0.042	0.058	0.867	0.033
0.275	0.406	0.216	0.102
0.103	0.123	0.308	0.466
0.075	0.109	0.307	0.509
>NYTAACCGCGSC	11-NYTAACCGCGSC	4.183012	-582.797682	0	T:12613.0(50.98%),B:8684.0(40.26%),P:1e-253	Tpos:694.5,Tstd:486.9,Bpos:562.5,Bstd:497.4,StrandBias:0.0,Multiplicity:1.54
0.289	0.222	0.274	0.215
0.151	0.399	0.129	0.320
0.017	0.001	0.001	0.981
0.867	0.001	0.001	0.131
0.728	0.150	0.032	0.090
0.153	0.634	0.118	0.095
0.101	0.896	0.002	0.001
0.001	0.003	0.992	0.004
0.001	0.997	0.001	0.001
0.003	0.001	0.900	0.096
0.092	0.316	0.395	0.197
0.054	0.600	0.107	0.239
>ACGCCGGAAGTT	12-ACGCCGGAAGTT	7.328131	-486.055831	0	T:5586.0(22.58%),B:3255.4(15.09%),P:1e-211	Tpos:658.8,Tstd:420.2,Bpos:539.3,Bstd:486.6,StrandBias:0.1,Multiplicity:1.18
0.625	0.197	0.127	0.051
0.104	0.744	0.106	0.046
0.017	0.147	0.823	0.013
0.023	0.921	0.050	0.006
0.052	0.822	0.036	0.090
0.053	0.040	0.878	0.029
0.016	0.004	0.972	0.008
0.900	0.026	0.053	0.021
0.895	0.018	0.080	0.007
0.006	0.036	0.938	0.020
0.020	0.106	0.032	0.842
0.051	0.062	0.246	0.641
>CGGTCGCTTTTC	13-CGGTCGCTTTTC	7.989638	-445.236646	0	T:3480.0(14.06%),B:1806.9(8.38%),P:1e-193	Tpos:743.8,Tstd:482.6,Bpos:558.5,Bstd:478.8,StrandBias:0.1,Multiplicity:1.11
0.072	0.749	0.101	0.078
0.082	0.128	0.691	0.099
0.032	0.130	0.766	0.072
0.083	0.177	0.121	0.619
0.064	0.731	0.125	0.080
0.092	0.132	0.679	0.097
0.025	0.849	0.068	0.058
0.046	0.104	0.078	0.772
0.024	0.086	0.088	0.802
0.015	0.121	0.066	0.798
0.039	0.148	0.091	0.722
0.043	0.821	0.080	0.056
>CTGTCGCGAACG	14-CTGTCGCGAACG	6.517702	-442.822801	0	T:11307.0(45.70%),B:7872.5(36.50%),P:1e-192	Tpos:692.2,Tstd:469.6,Bpos:562.1,Bstd:502.6,StrandBias:-0.0,Multiplicity:1.32
0.100	0.700	0.100	0.100
0.100	0.100	0.100	0.700
0.100	0.100	0.700	0.100
0.100	0.100	0.100	0.700
0.100	0.700	0.100	0.100
0.100	0.100	0.700	0.100
0.100	0.700	0.100	0.100
0.100	0.100	0.700	0.100
0.700	0.100	0.100	0.100
0.700	0.100	0.100	0.100
0.100	0.700	0.100	0.100
0.100	0.100	0.700	0.100
>NSTTCTTCGGNB	15-NSTTCTTCGGNB	4.663491	-394.193981	0	T:14503.0(58.61%),B:10731.2(49.76%),P:1e-171	Tpos:704.9,Tstd:499.5,Bpos:556.1,Bstd:482.5,StrandBias:0.1,Multiplicity:1.70
0.208	0.312	0.278	0.202
0.178	0.299	0.369	0.153
0.247	0.113	0.072	0.568
0.229	0.105	0.072	0.594
0.213	0.445	0.131	0.211
0.282	0.014	0.162	0.542
0.291	0.085	0.051	0.573
0.092	0.771	0.067	0.070
0.013	0.102	0.835	0.050
0.211	0.057	0.612	0.120
0.214	0.290	0.280	0.217
0.156	0.307	0.337	0.200
>CGTCGGTAGCGG	16-CGTCGGTAGCGG	6.265642	-375.991085	0	T:15364.0(62.09%),B:11539.0(53.50%),P:1e-163	Tpos:722.9,Tstd:442.0,Bpos:550.5,Bstd:542.6,StrandBias:0.1,Multiplicity:2.41
0.119	0.658	0.132	0.091
0.069	0.141	0.684	0.106
0.097	0.147	0.181	0.575
0.104	0.677	0.129	0.090
0.089	0.140	0.678	0.093
0.068	0.142	0.717	0.073
0.140	0.181	0.154	0.525
0.582	0.145	0.157	0.116
0.093	0.103	0.747	0.057
0.090	0.714	0.116	0.080
0.089	0.110	0.709	0.092
0.090	0.105	0.736	0.069
>TATCCGCCGCGT	17-TATCCGCCGCGT	6.517702	-356.800935	0	T:11844.0(47.87%),B:8526.1(39.53%),P:1e-154	Tpos:714.4,Tstd:478.2,Bpos:549.5,Bstd:512.6,StrandBias:0.1,Multiplicity:1.50
0.100	0.100	0.100	0.700
0.700	0.100	0.100	0.100
0.100	0.100	0.100	0.700
0.100	0.700	0.100	0.100
0.100	0.700	0.100	0.100
0.100	0.100	0.700	0.100
0.100	0.700	0.100	0.100
0.100	0.700	0.100	0.100
0.100	0.100	0.700	0.100
0.100	0.700	0.100	0.100
0.100	0.100	0.700	0.100
0.100	0.100	0.100	0.700
>TCCGGCCCGACT	18-TCCGGCCCGACT	9.895452	-340.525351	0	T:2105.0(8.51%),B:1003.4(4.65%),P:1e-147	Tpos:692.0,Tstd:431.4,Bpos:581.4,Bstd:523.3,StrandBias:-0.1,Multiplicity:1.06
0.018	0.149	0.105	0.728
0.001	0.919	0.053	0.027
0.021	0.900	0.039	0.040
0.080	0.065	0.803	0.052
0.051	0.059	0.830	0.060
0.049	0.896	0.038	0.017
0.024	0.929	0.024	0.023
0.047	0.814	0.049	0.090
0.043	0.090	0.796	0.071
0.653	0.123	0.164	0.060
0.044	0.924	0.013	0.019
0.049	0.081	0.061	0.809
>CGGTCACGTGAC	19-CGGTCACGTGAC	9.529246	-263.279465	0	T:1226.0(4.95%),B:522.1(2.42%),P:1e-114	Tpos:671.7,Tstd:419.3,Bpos:555.2,Bstd:459.1,StrandBias:0.0,Multiplicity:1.11
0.075	0.471	0.308	0.146
0.177	0.237	0.484	0.103
0.080	0.154	0.742	0.024
0.005	0.204	0.032	0.759
0.001	0.980	0.018	0.001
0.849	0.123	0.014	0.014
0.005	0.837	0.091	0.067
0.071	0.136	0.769	0.024
0.001	0.012	0.132	0.855
0.001	0.025	0.971	0.003
0.715	0.046	0.199	0.040
0.023	0.658	0.199	0.120
>CGGACACTACGT	20-CGGACACTACGT	9.082828	-213.834290	0	T:68.0(0.27%),B:1.6(0.01%),P:1e-92	Tpos:587.0,Tstd:168.6,Bpos:695.3,Bstd:217.1,StrandBias:0.5,Multiplicity:1.00
0.098	0.702	0.108	0.092
0.103	0.097	0.706	0.094
0.077	0.108	0.754	0.061
0.626	0.141	0.131	0.102
0.121	0.687	0.141	0.051
0.633	0.113	0.129	0.125
0.063	0.745	0.122	0.070
0.111	0.138	0.156	0.595
0.583	0.144	0.157	0.116
0.103	0.666	0.143	0.088
0.084	0.111	0.689	0.116
0.103	0.131	0.150	0.616
>TTCCGTACAGCG	21-TTCCGTACAGCG	12.458616	-209.617516	0	T:80.0(0.32%),B:2.9(0.01%),P:1e-91	Tpos:773.7,Tstd:476.3,Bpos:0.0,Bstd:0.0,StrandBias:0.1,Multiplicity:1.00
0.001	0.001	0.068	0.930
0.001	0.069	0.007	0.923
0.001	0.955	0.043	0.001
0.001	0.997	0.001	0.001
0.001	0.022	0.976	0.001
0.001	0.167	0.069	0.763
0.825	0.167	0.007	0.001
0.166	0.832	0.001	0.001
0.991	0.001	0.007	0.001
0.001	0.001	0.976	0.022
0.001	0.997	0.001	0.001
0.131	0.022	0.846	0.001
>GTWGTTAGACCG	22-GTWGTTAGACCG	9.213675	-184.645862	0	T:82.0(0.33%),B:3.4(0.02%),P:1e-80	Tpos:875.9,Tstd:451.9,Bpos:612.6,Bstd:129.4,StrandBias:3.7,Multiplicity:1.00
0.022	0.085	0.769	0.124
0.078	0.274	0.132	0.516
0.411	0.114	0.211	0.264
0.124	0.053	0.682	0.141
0.200	0.081	0.113	0.606
0.026	0.172	0.278	0.524
0.731	0.075	0.183	0.011
0.104	0.219	0.670	0.007
0.524	0.197	0.232	0.047
0.009	0.731	0.251	0.009
0.094	0.687	0.114	0.105
0.139	0.226	0.578	0.057
>GTCGATTCCACG	23-GTCGATTCCACG	6.517702	-174.276955	0	T:8472.0(34.24%),B:6218.6(28.83%),P:1e-75	Tpos:704.4,Tstd:492.4,Bpos:563.8,Bstd:465.1,StrandBias:-0.0,Multiplicity:1.28
0.100	0.100	0.700	0.100
0.100	0.100	0.100	0.700
0.100	0.700	0.100	0.100
0.100	0.100	0.700	0.100
0.700	0.100	0.100	0.100
0.100	0.100	0.100	0.700
0.100	0.100	0.100	0.700
0.100	0.700	0.100	0.100
0.100	0.700	0.100	0.100
0.700	0.100	0.100	0.100
0.100	0.700	0.100	0.100
0.100	0.100	0.700	0.100
>GGCAGCCAATGG	24-GGCAGCCAATGG	10.037939	-150.638398	0	T:1123.0(4.54%),B:565.0(2.62%),P:1e-65	Tpos:673.9,Tstd:502.4,Bpos:539.7,Bstd:467.4,StrandBias:0.2,Multiplicity:1.06
0.095	0.229	0.568	0.108
0.001	0.216	0.541	0.242
0.143	0.590	0.170	0.097
0.904	0.073	0.022	0.001
0.082	0.001	0.916	0.001
0.001	0.997	0.001	0.001
0.001	0.849	0.149	0.001
0.994	0.001	0.004	0.001
0.949	0.001	0.001	0.049
0.317	0.001	0.001	0.681
0.001	0.001	0.973	0.025
0.189	0.043	0.767	0.001
>CCCTCCGCGGGC	25-CCCTCCGCGGGC	12.355432	-53.445433	0	T:71.0(0.29%),B:14.9(0.07%),P:1e-23	Tpos:723.2,Tstd:392.5,Bpos:429.8,Bstd:411.5,StrandBias:-0.4,Multiplicity:1.00
0.100	0.700	0.100	0.100
0.100	0.700	0.100	0.100
0.100	0.700	0.100	0.100
0.100	0.100	0.100	0.700
0.100	0.700	0.100	0.100
0.100	0.700	0.100	0.100
0.100	0.100	0.700	0.100
0.100	0.700	0.100	0.100
0.100	0.100	0.700	0.100
0.100	0.100	0.700	0.100
0.100	0.100	0.700	0.100
0.100	0.700	0.100	0.100
>HAWTTYCG	1-HAWTTYCG	5.989029	-1087.325038	0	T:11556.0(46.70%),B:6998.7(32.45%),P:1e-472	Tpos:683.8,Tstd:489.3,Bpos:547.0,Bstd:491.5,StrandBias:-0.0,Multiplicity:1.60
0.216	0.362	0.159	0.263
0.479	0.001	0.294	0.226
0.309	0.119	0.154	0.418
0.001	0.068	0.001	0.930
0.001	0.001	0.080	0.918
0.001	0.564	0.001	0.434
0.001	0.796	0.202	0.001
0.001	0.001	0.997	0.001
>CGAAAGAA	2-CGAAAGAA	5.877880	-1047.597611	0	T:10420.0(42.11%),B:6147.8(28.51%),P:1e-454	Tpos:698.8,Tstd:480.6,Bpos:554.5,Bstd:485.7,StrandBias:-0.0,Multiplicity:1.45
0.001	0.997	0.001	0.001
0.001	0.001	0.997	0.001
0.727	0.001	0.271	0.001
0.784	0.109	0.106	0.001
0.500	0.286	0.194	0.020
0.115	0.155	0.719	0.011
0.596	0.059	0.064	0.281
0.832	0.107	0.060	0.001
>TCGCGAGH	3-TCGCGAGH	5.180718	-912.262360	0	T:12952.0(52.35%),B:8400.1(38.95%),P:1e-396	Tpos:704.9,Tstd:476.2,Bpos:550.9,Bstd:519.5,StrandBias:-0.1,Multiplicity:1.84
0.180	0.001	0.138	0.681
0.146	0.720	0.001	0.133
0.038	0.001	0.960	0.001
0.001	0.997	0.001	0.001
0.151	0.001	0.739	0.109
0.915	0.001	0.001	0.083
0.190	0.216	0.386	0.208
0.277	0.395	0.045	0.284
>SCGGTAGT	4-SCGGTAGT	5.315851	-847.733774	0	T:14223.0(57.48%),B:9588.6(44.46%),P:1e-368	Tpos:682.6,Tstd:475.8,Bpos:564.5,Bstd:483.7,StrandBias:0.1,Multiplicity:1.64
0.156	0.493	0.350	0.001
0.001	0.978	0.001	0.020
0.032	0.195	0.738	0.035
0.021	0.059	0.901	0.019
0.108	0.001	0.063	0.828
0.867	0.050	0.001	0.082
0.028	0.059	0.848	0.065
0.001	0.122	0.041	0.836
>CCGATTGG	5-CCGATTGG	5.674566	-811.951207	0	T:9452.0(38.20%),B:5712.9(26.49%),P:1e-352	Tpos:654.4,Tstd:473.4,Bpos:549.6,Bstd:467.0,StrandBias:0.1,Multiplicity:1.45
0.081	0.656	0.114	0.149
0.055	0.636	0.127	0.182
0.020	0.048	0.858	0.074
0.796	0.037	0.060	0.107
0.101	0.108	0.023	0.768
0.094	0.025	0.032	0.849
0.082	0.109	0.745	0.064
0.098	0.142	0.691	0.069
>GTAGTTCG	6-GTAGTTCG	5.072147	-772.369619	0	T:12472.0(50.41%),B:8222.5(38.12%),P:1e-335	Tpos:685.4,Tstd:473.9,Bpos:564.7,Bstd:493.1,StrandBias:0.0,Multiplicity:1.56
0.097	0.294	0.573	0.036
0.147	0.102	0.140	0.611
0.759	0.155	0.039	0.047
0.133	0.238	0.603	0.026
0.072	0.135	0.151	0.642
0.158	0.300	0.080	0.462
0.078	0.751	0.100	0.071
0.007	0.040	0.928	0.025
>ATCCGSTC	7-ATCCGSTC	4.122400	-749.348957	0	T:12942.0(52.31%),B:8657.9(40.14%),P:1e-325	Tpos:674.2,Tstd:461.1,Bpos:549.9,Bstd:504.5,StrandBias:-0.1,Multiplicity:1.64
0.989	0.009	0.001	0.001
0.001	0.001	0.001	0.997
0.245	0.707	0.001	0.047
0.001	0.997	0.001	0.001
0.001	0.001	0.997	0.001
0.142	0.413	0.377	0.068
0.001	0.423	0.001	0.575
0.001	0.881	0.117	0.001
>NCGTWACG	8-NCGTWACG	4.275165	-728.921174	0	T:9533.0(38.53%),B:5900.6(27.36%),P:1e-316	Tpos:706.3,Tstd:499.1,Bpos:550.1,Bstd:488.8,StrandBias:-0.0,Multiplicity:1.46
0.295	0.253	0.282	0.170
0.161	0.587	0.246	0.006
0.001	0.128	0.698	0.173
0.173	0.172	0.210	0.445
0.469	0.029	0.016	0.486
0.537	0.125	0.115	0.223
0.327	0.570	0.066	0.037
0.070	0.250	0.556	0.124
>CGKTBHTA	9-CGKTBHTA	5.103385	-715.667372	0	T:12629.0(51.04%),B:8451.4(39.19%),P:1e-310	Tpos:691.4,Tstd:516.0,Bpos:554.2,Bstd:486.0,StrandBias:0.1,Multiplicity:1.50
0.001	0.911	0.087	0.001
0.001	0.272	0.683	0.044
0.034	0.217	0.362	0.387
0.416	0.001	0.013	0.570
0.001	0.279	0.417	0.303
0.275	0.306	0.142	0.277
0.410	0.001	0.013	0.576
0.689	0.001	0.001	0.309
>TTAGYCGG	10-TTAGYCGG	4.519975	-684.104432	0	T:16011.0(64.71%),B:11457.1(53.12%),P:1e-297	Tpos:692.1,Tstd:491.5,Bpos:550.4,Bstd:491.4,StrandBias:0.0,Multiplicity:1.95
0.080	0.162	0.048	0.710
0.171	0.001	0.001	0.827
0.892	0.028	0.001	0.079
0.309	0.049	0.584	0.058
0.020	0.415	0.154	0.410
0.001	0.997	0.001	0.001
0.001	0.031	0.967	0.001
0.056	0.202	0.646	0.096
>GCGCTAKC	11-GCGCTAKC	2.600419	-677.199160	0	T:11448.0(46.27%),B:7533.7(34.93%),P:1e-294	Tpos:680.6,Tstd:483.6,Bpos:550.5,Bstd:487.8,StrandBias:-0.0,Multiplicity:1.55
0.373	0.001	0.625	0.001
0.001	0.997	0.001	0.001
0.001	0.001	0.997	0.001
0.001	0.683	0.001	0.315
0.333	0.001	0.001	0.665
0.744	0.001	0.001	0.254
0.001	0.001	0.521	0.477
0.019	0.979	0.001	0.001
>AGTCGANT	12-AGTCGANT	6.228112	-643.229550	0	T:6519.0(26.35%),B:3720.9(17.25%),P:1e-279	Tpos:690.3,Tstd:502.7,Bpos:563.4,Bstd:465.9,StrandBias:0.0,Multiplicity:1.19
0.652	0.001	0.027	0.320
0.068	0.217	0.643	0.072
0.198	0.001	0.261	0.540
0.001	0.997	0.001	0.001
0.001	0.001	0.997	0.001
0.700	0.001	0.298	0.001
0.192	0.330	0.247	0.231
0.001	0.286	0.001	0.712
>RAGCGACT	13-RAGCGACT	2.565064	-626.840999	0	T:10148.0(41.01%),B:6559.6(30.41%),P:1e-272	Tpos:704.4,Tstd:481.8,Bpos:552.9,Bstd:476.7,StrandBias:-0.0,Multiplicity:1.33
0.411	0.150	0.439	0.001
0.997	0.001	0.001	0.001
0.001	0.001	0.997	0.001
0.001	0.997	0.001	0.001
0.001	0.001	0.997	0.001
0.997	0.001	0.001	0.001
0.216	0.490	0.001	0.293
0.001	0.001	0.397	0.601
>AAGATGGC	14-AAGATGGC	4.161567	-595.730211	0	T:4319.0(17.46%),B:2209.3(10.24%),P:1e-258	Tpos:670.0,Tstd:465.7,Bpos:563.2,Bstd:454.2,StrandBias:0.3,Multiplicity:1.14
0.997	0.001	0.001	0.001
0.997	0.001	0.001	0.001
0.131	0.001	0.818	0.050
0.997	0.001	0.001	0.001
0.001	0.001	0.001	0.997
0.001	0.001	0.997	0.001
0.001	0.001	0.997	0.001
0.001	0.997	0.001	0.001
>TAAGCTCG	15-TAAGCTCG	5.515045	-581.838143	0	T:10706.0(43.27%),B:7094.4(32.89%),P:1e-252	Tpos:689.9,Tstd:516.2,Bpos:562.6,Bstd:466.6,StrandBias:-0.1,Multiplicity:1.35
0.188	0.012	0.053	0.747
0.812	0.027	0.001	0.160
0.623	0.082	0.177	0.118
0.114	0.194	0.626	0.066
0.081	0.708	0.151	0.060
0.004	0.132	0.029	0.835
0.023	0.879	0.030	0.068
0.029	0.183	0.775	0.013
>CGAAMSKT	16-CGAAMSKT	4.833827	-571.157786	0	T:11501.0(46.48%),B:7771.7(36.03%),P:1e-248	Tpos:688.4,Tstd:501.1,Bpos:558.3,Bstd:484.6,StrandBias:0.0,Multiplicity:1.39
0.015	0.670	0.254	0.061
0.049	0.213	0.546	0.192
0.624	0.005	0.129	0.242
0.790	0.092	0.054	0.064
0.378	0.431	0.181	0.010
0.143	0.362	0.444	0.052
0.125	0.135	0.442	0.297
0.057	0.092	0.270	0.581
>CRACCGAT	17-CRACCGAT	6.486773	-507.657957	0	T:5034.0(20.35%),B:2821.6(13.08%),P:1e-220	Tpos:698.2,Tstd:509.2,Bpos:550.0,Bstd:468.9,StrandBias:-0.2,Multiplicity:1.12
0.001	0.997	0.001	0.001
0.326	0.111	0.397	0.166
0.823	0.144	0.032	0.001
0.001	0.997	0.001	0.001
0.001	0.907	0.001	0.091
0.258	0.001	0.740	0.001
0.955	0.001	0.001	0.043
0.146	0.138	0.001	0.715
>GTSACGTS	18-GTSACGTS	6.351543	-494.294712	0	T:7766.0(31.39%),B:4900.5(22.72%),P:1e-214	Tpos:663.5,Tstd:458.7,Bpos:546.2,Bstd:476.5,StrandBias:0.1,Multiplicity:1.28
0.001	0.115	0.883	0.001
0.001	0.001	0.001	0.997
0.144	0.475	0.365	0.016
0.578	0.073	0.074	0.275
0.073	0.925	0.001	0.001
0.001	0.001	0.997	0.001
0.191	0.001	0.001	0.807
0.174	0.486	0.339	0.001
>DTTCTTCG	19-DTTCTTCG	5.418525	-483.673238	0	T:14499.0(58.60%),B:10519.0(48.77%),P:1e-210	Tpos:708.4,Tstd:502.7,Bpos:563.3,Bstd:501.0,StrandBias:0.0,Multiplicity:1.51
0.329	0.143	0.191	0.337
0.239	0.080	0.063	0.618
0.053	0.310	0.044	0.593
0.170	0.535	0.229	0.066
0.082	0.375	0.009	0.534
0.069	0.033	0.322	0.576
0.001	0.997	0.001	0.001
0.001	0.001	0.997	0.001
>TCTAGCGG	20-TCTAGCGG	4.378947	-478.828660	0	T:14277.0(57.70%),B:10336.0(47.92%),P:1e-207	Tpos:679.2,Tstd:475.8,Bpos:554.1,Bstd:482.5,StrandBias:0.0,Multiplicity:1.48
0.203	0.154	0.111	0.532
0.235	0.513	0.083	0.169
0.094	0.094	0.168	0.644
0.607	0.136	0.105	0.152
0.174	0.066	0.593	0.167
0.126	0.648	0.053	0.173
0.083	0.168	0.676	0.073
0.125	0.263	0.493	0.120
>CGAAGGCG	21-CGAAGGCG	6.524106	-454.542305	0	T:13703.0(55.38%),B:9889.8(45.86%),P:1e-197	Tpos:707.7,Tstd:469.2,Bpos:560.9,Bstd:498.2,StrandBias:0.0,Multiplicity:1.75
0.343	0.602	0.054	0.001
0.170	0.045	0.518	0.267
0.751	0.002	0.228	0.019
0.835	0.163	0.001	0.001
0.001	0.001	0.997	0.001
0.340	0.040	0.619	0.001
0.089	0.756	0.154	0.001
0.001	0.001	0.968	0.030
>TTTTCCCG	22-TTTTCCCG	6.796490	-443.546833	0	T:10982.0(44.38%),B:7599.9(35.24%),P:1e-192	Tpos:705.3,Tstd:496.0,Bpos:550.1,Bstd:481.4,StrandBias:-0.0,Multiplicity:1.37
0.160	0.080	0.001	0.759
0.003	0.001	0.231	0.765
0.001	0.256	0.221	0.522
0.223	0.001	0.001	0.775
0.045	0.903	0.051	0.001
0.076	0.704	0.001	0.219
0.001	0.997	0.001	0.001
0.001	0.001	0.870	0.128
>GGGGCGGG	23-GGGGCGGG	8.236954	-441.383096	0	T:11413.0(46.13%),B:7964.6(36.93%),P:1e-191	Tpos:685.4,Tstd:443.9,Bpos:554.4,Bstd:513.9,StrandBias:0.1,Multiplicity:1.82
0.100	0.100	0.700	0.100
0.100	0.100	0.700	0.100
0.100	0.100	0.700	0.100
0.100	0.100	0.700	0.100
0.100	0.700	0.100	0.100
0.100	0.100	0.700	0.100
0.100	0.100	0.700	0.100
0.100	0.100	0.700	0.100
>TAATGGCG	24-TAATGGCG	6.090309	-341.528454	0	T:1982.0(8.01%),B:923.2(4.28%),P:1e-148	Tpos:736.5,Tstd:520.9,Bpos:587.7,Bstd:469.8,StrandBias:-0.2,Multiplicity:1.08
0.001	0.001	0.204	0.794
0.851	0.001	0.001	0.147
0.997	0.001	0.001	0.001
0.001	0.001	0.001	0.997
0.001	0.001	0.940	0.058
0.174	0.001	0.824	0.001
0.001	0.997	0.001	0.001
0.001	0.001	0.997	0.001
>TGTAGTTC	25-TGTAGTTC	9.001520	-275.469357	0	T:2188.0(8.84%),B:1129.9(5.24%),P:1e-119	Tpos:600.6,Tstd:468.4,Bpos:555.3,Bstd:427.9,StrandBias:-0.1,Multiplicity:1.15
0.001	0.001	0.001	0.997
0.001	0.001	0.997	0.001
0.001	0.001	0.001	0.997
0.997	0.001	0.001	0.001
0.001	0.001	0.997	0.001
0.001	0.001	0.001	0.997
0.001	0.399	0.001	0.599
0.001	0.682	0.001	0.316
