>AAGATGGCGG	1-AAGATGGCGG	8.008145	-1095.442763	0	T:3665.0(14.81%),B:1380.9(6.40%),P:1e-475	Tpos:665.1,Tstd:430.1,Bpos:554.4,Bstd:497.1,StrandBias:0.5,Multiplicity:1.11
0.983	0.001	0.010	0.006
0.984	0.001	0.001	0.014
0.095	0.104	0.760	0.041
0.984	0.014	0.001	0.001
0.012	0.001	0.034	0.953
0.001	0.001	0.982	0.016
0.001	0.001	0.948	0.050
0.001	0.983	0.001	0.015
0.001	0.001	0.947	0.051
0.125	0.064	0.786	0.025
>VNTTCCGKTN	2-VNTTCCGKTN	6.236817	-1092.986233	0	T:12527.0(50.63%),B:7782.5(36.08%),P:1e-474	Tpos:675.0,Tstd:475.8,Bpos:558.4,Bstd:479.7,StrandBias:-0.0,Multiplicity:1.73
0.317	0.238	0.307	0.138
0.292	0.253	0.219	0.236
0.001	0.020	0.178	0.801
0.076	0.001	0.001	0.922
0.001	0.633	0.001	0.365
0.001	0.889	0.109	0.001
0.001	0.001	0.997	0.001
0.006	0.266	0.421	0.307
0.117	0.288	0.131	0.464
0.193	0.307	0.193	0.308
>ARCCAATCGG	3-ARCCAATCGG	6.558784	-967.461817	0	T:7173.0(28.99%),B:3799.8(17.62%),P:1e-420	Tpos:635.9,Tstd:461.3,Bpos:545.6,Bstd:461.9,StrandBias:0.0,Multiplicity:1.44
0.634	0.054	0.252	0.060
0.444	0.109	0.356	0.092
0.035	0.876	0.058	0.031
0.028	0.892	0.069	0.011
0.969	0.001	0.021	0.009
0.955	0.001	0.029	0.015
0.096	0.074	0.020	0.810
0.125	0.768	0.106	0.001
0.203	0.179	0.603	0.015
0.082	0.211	0.655	0.052
>CGCGAACTTA	4-CGCGAACTTA	4.842480	-820.841597	0	T:10224.0(41.32%),B:6308.0(29.25%),P:1e-356	Tpos:688.6,Tstd:495.8,Bpos:562.6,Bstd:488.7,StrandBias:-0.0,Multiplicity:1.33
0.078	0.722	0.113	0.087
0.071	0.115	0.713	0.101
0.102	0.695	0.117	0.086
0.097	0.105	0.703	0.095
0.695	0.113	0.092	0.100
0.712	0.108	0.088	0.092
0.079	0.708	0.121	0.092
0.094	0.107	0.085	0.714
0.116	0.089	0.107	0.688
0.650	0.109	0.102	0.139
>CGTACCGATT	5-CGTACCGATT	4.787934	-777.824783	0	T:10838.0(43.80%),B:6867.3(31.84%),P:1e-337	Tpos:717.4,Tstd:498.3,Bpos:557.6,Bstd:490.9,StrandBias:-0.1,Multiplicity:1.38
0.139	0.605	0.155	0.101
0.052	0.155	0.631	0.162
0.143	0.153	0.179	0.525
0.575	0.146	0.141	0.138
0.151	0.619	0.172	0.058
0.103	0.684	0.114	0.099
0.137	0.124	0.665	0.074
0.532	0.142	0.160	0.166
0.149	0.176	0.137	0.538
0.086	0.161	0.126	0.627
>WARGGGGCGG	6-WARGGGGCGG	6.749644	-758.208603	0	T:8541.0(34.52%),B:5083.1(23.57%),P:1e-329	Tpos:678.4,Tstd:451.2,Bpos:551.5,Bstd:490.9,StrandBias:0.1,Multiplicity:1.34
0.316	0.134	0.174	0.375
0.766	0.022	0.161	0.051
0.461	0.030	0.352	0.157
0.021	0.037	0.788	0.154
0.195	0.033	0.578	0.194
0.202	0.108	0.511	0.179
0.143	0.022	0.809	0.026
0.203	0.514	0.110	0.173
0.170	0.207	0.616	0.007
0.175	0.153	0.477	0.195
>CGAAACGCGA	7-CGAAACGCGA	4.890939	-709.310567	0	T:12347.0(49.90%),B:8225.9(38.14%),P:1e-308	Tpos:722.7,Tstd:490.3,Bpos:554.9,Bstd:503.2,StrandBias:-0.0,Multiplicity:1.63
0.088	0.767	0.064	0.081
0.093	0.107	0.694	0.106
0.647	0.113	0.119	0.121
0.710	0.097	0.116	0.077
0.646	0.128	0.115	0.111
0.094	0.692	0.119	0.095
0.116	0.113	0.647	0.124
0.089	0.713	0.106	0.092
0.097	0.102	0.713	0.088
0.700	0.103	0.096	0.101
>TWAGYCGGCT	8-TWAGYCGGCT	5.154268	-704.716395	0	T:10566.0(42.70%),B:6765.5(31.37%),P:1e-306	Tpos:699.3,Tstd:465.4,Bpos:557.1,Bstd:494.2,StrandBias:0.0,Multiplicity:1.46
0.088	0.219	0.172	0.521
0.343	0.226	0.034	0.397
0.514	0.232	0.178	0.076
0.175	0.258	0.446	0.122
0.172	0.361	0.149	0.318
0.117	0.705	0.175	0.003
0.008	0.374	0.602	0.016
0.028	0.250	0.577	0.145
0.005	0.601	0.108	0.286
0.042	0.242	0.279	0.437
>GARTTGTAGT	9-GARTTGTAGT	8.501351	-693.042073	0	T:1727.0(6.98%),B:540.2(2.50%),P:1e-300	Tpos:590.7,Tstd:446.7,Bpos:551.0,Bstd:433.2,StrandBias:-0.2,Multiplicity:1.22
0.089	0.001	0.909	0.001
0.872	0.017	0.094	0.017
0.465	0.049	0.372	0.114
0.089	0.158	0.111	0.642
0.053	0.061	0.091	0.795
0.016	0.001	0.974	0.009
0.001	0.042	0.039	0.918
0.837	0.001	0.042	0.120
0.001	0.022	0.976	0.001
0.001	0.109	0.086	0.804
>NNTCKCGCGA	10-NNTCKCGCGA	5.473298	-688.763044	0	T:7582.0(30.64%),B:4452.0(20.64%),P:1e-299	Tpos:704.8,Tstd:435.3,Bpos:546.6,Bstd:498.8,StrandBias:0.0,Multiplicity:1.32
0.261	0.233	0.217	0.289
0.261	0.195	0.271	0.272
0.034	0.202	0.209	0.555
0.022	0.686	0.159	0.133
0.193	0.141	0.366	0.300
0.159	0.783	0.036	0.022
0.034	0.015	0.711	0.240
0.280	0.481	0.177	0.063
0.159	0.190	0.473	0.178
0.820	0.018	0.088	0.074
>VGTAABMCGN	11-VGTAABMCGN	5.988671	-659.898867	0	T:6269.0(25.34%),B:3514.7(16.30%),P:1e-286	Tpos:690.9,Tstd:485.8,Bpos:560.4,Bstd:479.7,StrandBias:0.1,Multiplicity:1.15
0.250	0.376	0.262	0.112
0.001	0.001	0.838	0.160
0.062	0.190	0.001	0.747
0.789	0.163	0.010	0.038
0.490	0.174	0.193	0.144
0.133	0.200	0.319	0.347
0.387	0.266	0.134	0.213
0.001	0.997	0.001	0.001
0.001	0.001	0.997	0.001
0.195	0.304	0.241	0.260
>CGAGACTACG	12-CGAGACTACG	4.944576	-648.521243	0	T:11545.0(46.66%),B:7664.4(35.54%),P:1e-281	Tpos:688.5,Tstd:466.2,Bpos:558.1,Bstd:497.3,StrandBias:-0.0,Multiplicity:1.49
0.083	0.734	0.101	0.082
0.080	0.119	0.695	0.106
0.659	0.102	0.121	0.118
0.128	0.108	0.688	0.076
0.688	0.110	0.106	0.096
0.077	0.720	0.108	0.095
0.105	0.082	0.117	0.696
0.701	0.116	0.088	0.095
0.102	0.729	0.097	0.072
0.080	0.120	0.691	0.109
>AAACGAACGG	13-AAACGAACGG	6.432903	-621.203079	0	T:6846.0(27.67%),B:3994.4(18.52%),P:1e-269	Tpos:725.8,Tstd:531.8,Bpos:562.4,Bstd:466.8,StrandBias:-0.1,Multiplicity:1.25
0.760	0.067	0.093	0.080
0.866	0.053	0.060	0.021
0.802	0.032	0.079	0.087
0.071	0.810	0.076	0.043
0.045	0.061	0.786	0.108
0.799	0.062	0.061	0.078
0.780	0.085	0.056	0.079
0.086	0.747	0.089	0.078
0.050	0.049	0.826	0.075
0.075	0.064	0.822	0.039
>CTAGTCGACT	14-CTAGTCGACT	4.469160	-613.516708	0	T:12823.0(51.82%),B:8802.4(40.81%),P:1e-266	Tpos:680.6,Tstd:491.8,Bpos:565.2,Bstd:474.2,StrandBias:-0.0,Multiplicity:1.42
0.134	0.569	0.162	0.135
0.118	0.148	0.137	0.597
0.620	0.130	0.109	0.141
0.126	0.150	0.599	0.125
0.119	0.153	0.148	0.580
0.103	0.657	0.117	0.123
0.138	0.119	0.637	0.106
0.563	0.149	0.143	0.145
0.123	0.598	0.156	0.123
0.145	0.127	0.147	0.581
>CGCTTTTACG	15-CGCTTTTACG	5.148434	-602.726891	0	T:8224.0(33.24%),B:5074.4(23.53%),P:1e-261	Tpos:694.0,Tstd:502.8,Bpos:563.3,Bstd:480.5,StrandBias:-0.0,Multiplicity:1.26
0.100	0.741	0.082	0.077
0.105	0.106	0.695	0.094
0.079	0.692	0.120	0.109
0.072	0.128	0.100	0.700
0.096	0.106	0.115	0.683
0.076	0.088	0.079	0.757
0.114	0.106	0.090	0.690
0.650	0.116	0.100	0.134
0.142	0.696	0.089	0.073
0.106	0.112	0.695	0.087
>GACCGAAGAA	16-GACCGAAGAA	5.526455	-581.797608	0	T:8588.0(34.71%),B:5393.5(25.01%),P:1e-252	Tpos:701.1,Tstd:499.8,Bpos:573.3,Bstd:468.9,StrandBias:-0.0,Multiplicity:1.30
0.092	0.185	0.540	0.183
0.516	0.141	0.179	0.164
0.086	0.577	0.195	0.142
0.028	0.754	0.163	0.055
0.153	0.067	0.676	0.104
0.507	0.165	0.193	0.135
0.571	0.139	0.168	0.122
0.050	0.133	0.738	0.079
0.554	0.128	0.174	0.144
0.610	0.069	0.145	0.176
>YGCGCATGCG	17-YGCGCATGCG	4.947096	-563.936333	0	T:14766.0(59.68%),B:10583.2(49.07%),P:1e-244	Tpos:680.7,Tstd:444.8,Bpos:549.1,Bstd:523.1,StrandBias:0.0,Multiplicity:2.28
0.178	0.246	0.184	0.391
0.260	0.123	0.451	0.166
0.075	0.765	0.075	0.085
0.066	0.080	0.779	0.075
0.166	0.496	0.151	0.186
0.460	0.178	0.164	0.197
0.248	0.109	0.185	0.459
0.190	0.169	0.491	0.150
0.158	0.669	0.077	0.096
0.070	0.186	0.588	0.156
>CCGGTTACTA	18-CCGGTTACTA	5.343086	-540.935408	0	T:9233.0(37.32%),B:5976.4(27.71%),P:1e-234	Tpos:691.9,Tstd:524.7,Bpos:545.1,Bstd:460.2,StrandBias:0.0,Multiplicity:1.28
0.065	0.761	0.092	0.082
0.117	0.765	0.069	0.049
0.025	0.076	0.853	0.046
0.057	0.092	0.795	0.056
0.055	0.065	0.040	0.840
0.068	0.080	0.080	0.772
0.693	0.071	0.168	0.068
0.026	0.875	0.047	0.052
0.041	0.101	0.060	0.798
0.846	0.058	0.041	0.055
>CGGAGTTCGA	19-CGGAGTTCGA	4.988645	-522.855830	0	T:13204.0(53.36%),B:9309.4(43.16%),P:1e-227	Tpos:712.9,Tstd:482.3,Bpos:561.7,Bstd:502.5,StrandBias:0.1,Multiplicity:1.57
0.105	0.723	0.088	0.084
0.099	0.104	0.717	0.080
0.094	0.103	0.719	0.084
0.724	0.113	0.080	0.083
0.093	0.097	0.712	0.098
0.105	0.114	0.088	0.693
0.100	0.129	0.095	0.676
0.117	0.650	0.125	0.108
0.092	0.088	0.706	0.114
0.680	0.110	0.108	0.102
>ASTGRCGTCA	20-ASTGRCGTCA	5.925677	-462.286088	0	T:4220.0(17.06%),B:2300.1(10.66%),P:1e-200	Tpos:677.2,Tstd:488.0,Bpos:556.2,Bstd:462.5,StrandBias:0.1,Multiplicity:1.17
0.473	0.117	0.093	0.318
0.172	0.248	0.390	0.191
0.011	0.268	0.003	0.718
0.258	0.160	0.424	0.158
0.456	0.107	0.343	0.094
0.083	0.904	0.004	0.009
0.007	0.117	0.867	0.009
0.209	0.065	0.109	0.617
0.202	0.490	0.180	0.128
0.478	0.093	0.219	0.210
>CGAAGCGTTA	21-CGAAGCGTTA	6.561787	-436.210450	0	T:4260.0(17.22%),B:2364.0(10.96%),P:1e-189	Tpos:688.2,Tstd:527.3,Bpos:565.0,Bstd:481.6,StrandBias:0.1,Multiplicity:1.13
0.076	0.776	0.072	0.076
0.121	0.087	0.729	0.063
0.780	0.082	0.115	0.023
0.850	0.058	0.052	0.040
0.025	0.057	0.871	0.047
0.103	0.759	0.100	0.038
0.029	0.112	0.770	0.089
0.036	0.058	0.043	0.863
0.060	0.025	0.080	0.835
0.768	0.072	0.114	0.046
>TAACTGCCGC	22-TAACTGCCGC	7.501481	-260.613961	0	T:953.0(3.85%),B:364.7(1.69%),P:1e-113	Tpos:814.3,Tstd:536.8,Bpos:571.1,Bstd:486.2,StrandBias:-0.3,Multiplicity:1.03
0.163	0.198	0.042	0.597
0.694	0.108	0.167	0.031
0.549	0.118	0.148	0.185
0.046	0.670	0.053	0.231
0.145	0.153	0.198	0.504
0.214	0.058	0.673	0.055
0.065	0.647	0.245	0.043
0.131	0.718	0.054	0.097
0.175	0.028	0.764	0.033
0.051	0.711	0.191	0.047
>GTTACCTCCG	23-GTTACCTCCG	9.872586	-131.618557	0	T:199.0(0.80%),B:43.2(0.20%),P:1e-57	Tpos:588.3,Tstd:393.4,Bpos:530.1,Bstd:466.6,StrandBias:1.3,Multiplicity:1.00
0.001	0.001	0.997	0.001
0.001	0.019	0.035	0.945
0.001	0.001	0.001	0.997
0.997	0.001	0.001	0.001
0.001	0.997	0.001	0.001
0.001	0.997	0.001	0.001
0.001	0.001	0.001	0.997
0.001	0.997	0.001	0.001
0.001	0.997	0.001	0.001
0.001	0.001	0.997	0.001
>GACGGGGAAA	24-GACGGGGAAA	10.296193	-104.172169	0	T:162.0(0.65%),B:36.3(0.17%),P:1e-45	Tpos:951.2,Tstd:580.4,Bpos:539.1,Bstd:404.3,StrandBias:-0.6,Multiplicity:1.04
0.100	0.100	0.700	0.100
0.700	0.100	0.100	0.100
0.100	0.700	0.100	0.100
0.100	0.100	0.700	0.100
0.100	0.100	0.700	0.100
0.100	0.100	0.700	0.100
0.100	0.100	0.700	0.100
0.700	0.100	0.100	0.100
0.700	0.100	0.100	0.100
0.700	0.100	0.100	0.100
>TTATTACACT	25-TTATTACACT	10.296193	-97.030719	0	T:46.0(0.19%),B:2.8(0.01%),P:1e-42	Tpos:763.8,Tstd:738.3,Bpos:533.0,Bstd:124.6,StrandBias:0.8,Multiplicity:1.00
0.100	0.100	0.100	0.700
0.100	0.100	0.100	0.700
0.700	0.100	0.100	0.100
0.100	0.100	0.100	0.700
0.100	0.100	0.100	0.700
0.700	0.100	0.100	0.100
0.100	0.700	0.100	0.100
0.700	0.100	0.100	0.100
0.100	0.700	0.100	0.100
0.100	0.100	0.100	0.700
