>GCCGCCATSTTG	1-GCCGCCATSTTG	9.126962	-1106.835890	0	T:2995.0(12.10%),B:999.7(4.64%),P:1e-480	Tpos:674.0,Tstd:413.8,Bpos:559.0,Bstd:486.8,StrandBias:-0.5,Multiplicity:1.09
0.142	0.055	0.718	0.085
0.001	0.770	0.116	0.113
0.169	0.792	0.038	0.001
0.001	0.001	0.930	0.068
0.001	0.997	0.001	0.001
0.001	0.997	0.001	0.001
0.997	0.001	0.001	0.001
0.001	0.001	0.006	0.992
0.043	0.419	0.324	0.214
0.083	0.032	0.001	0.884
0.001	0.001	0.001	0.997
0.161	0.253	0.449	0.137
>TVDCYCCGCCCC	2-TVDCYCCGCCCC	6.089761	-886.236633	0	T:7568.0(30.59%),B:4182.0(19.39%),P:1e-384	Tpos:636.6,Tstd:423.5,Bpos:559.5,Bstd:496.6,StrandBias:-0.2,Multiplicity:1.43
0.363	0.001	0.001	0.635
0.335	0.245	0.323	0.097
0.352	0.001	0.325	0.321
0.001	0.997	0.001	0.001
0.059	0.439	0.001	0.501
0.001	0.997	0.001	0.001
0.001	0.997	0.001	0.001
0.001	0.001	0.997	0.001
0.001	0.997	0.001	0.001
0.001	0.997	0.001	0.001
0.001	0.774	0.001	0.224
0.265	0.733	0.001	0.001
>VSTTCCGGTCNN	3-VSTTCCGGTCNN	4.919273	-872.650439	0	T:11334.0(45.81%),B:7123.4(33.03%),P:1e-378	Tpos:684.3,Tstd:486.1,Bpos:565.5,Bstd:483.9,StrandBias:-0.0,Multiplicity:1.54
0.361	0.213	0.224	0.202
0.215	0.373	0.262	0.151
0.162	0.142	0.185	0.511
0.202	0.090	0.090	0.618
0.230	0.558	0.088	0.124
0.051	0.703	0.211	0.035
0.051	0.149	0.749	0.051
0.270	0.095	0.460	0.175
0.114	0.055	0.046	0.785
0.283	0.447	0.127	0.144
0.230	0.285	0.304	0.182
0.316	0.255	0.244	0.185
>NGWAYDRCGAAA	4-NGWAYDRCGAAA	4.944263	-764.249067	0	T:9342.0(37.76%),B:5696.3(26.41%),P:1e-331	Tpos:694.5,Tstd:519.7,Bpos:553.6,Bstd:483.5,StrandBias:-0.0,Multiplicity:1.40
0.250	0.280	0.274	0.197
0.225	0.164	0.408	0.203
0.388	0.053	0.130	0.430
0.526	0.198	0.105	0.171
0.053	0.382	0.185	0.380
0.211	0.129	0.342	0.319
0.359	0.017	0.422	0.202
0.023	0.907	0.001	0.069
0.030	0.033	0.841	0.096
0.500	0.201	0.109	0.190
0.772	0.078	0.084	0.066
0.481	0.209	0.096	0.214
>BSYGATTGGCYG	5-BSYGATTGGCYG	4.711172	-759.154677	0	T:6260.0(25.30%),B:3383.7(15.69%),P:1e-329	Tpos:633.7,Tstd:458.0,Bpos:552.8,Bstd:462.5,StrandBias:0.0,Multiplicity:1.36
0.099	0.327	0.302	0.272
0.117	0.466	0.352	0.065
0.001	0.305	0.257	0.436
0.001	0.001	0.925	0.073
0.997	0.001	0.001	0.001
0.001	0.001	0.001	0.997
0.001	0.001	0.001	0.997
0.001	0.001	0.997	0.001
0.001	0.001	0.997	0.001
0.001	0.767	0.001	0.231
0.123	0.366	0.163	0.348
0.204	0.080	0.610	0.106
>GGGARTTGTAGT	6-GGGARTTGTAGT	10.598115	-733.989719	0	T:1339.0(5.41%),B:337.5(1.57%),P:1e-318	Tpos:560.4,Tstd:399.4,Bpos:572.7,Bstd:465.7,StrandBias:-0.3,Multiplicity:1.27
0.040	0.020	0.927	0.013
0.023	0.003	0.962	0.012
0.070	0.011	0.895	0.024
0.832	0.034	0.108	0.026
0.418	0.101	0.405	0.076
0.165	0.068	0.132	0.635
0.040	0.059	0.087	0.814
0.015	0.013	0.958	0.014
0.021	0.080	0.047	0.852
0.890	0.014	0.076	0.020
0.017	0.011	0.946	0.026
0.028	0.036	0.064	0.872
>NMTCTCGCGAGA	7-NMTCTCGCGAGA	3.490444	-718.656487	0	T:11173.0(45.16%),B:7236.6(33.55%),P:1e-312	Tpos:702.3,Tstd:448.3,Bpos:551.7,Bstd:512.4,StrandBias:0.0,Multiplicity:1.63
0.255	0.202	0.209	0.335
0.396	0.320	0.088	0.197
0.020	0.004	0.072	0.904
0.083	0.874	0.007	0.036
0.001	0.004	0.022	0.973
0.005	0.988	0.001	0.006
0.011	0.001	0.979	0.009
0.001	0.997	0.001	0.001
0.001	0.001	0.991	0.007
0.849	0.084	0.005	0.062
0.074	0.264	0.422	0.239
0.485	0.222	0.160	0.133
>ACCGAAACCGAA	8-ACCGAAACCGAA	-1.663895	-714.905071	0	T:13598.0(54.96%),B:9277.5(43.02%),P:1e-310	Tpos:698.7,Tstd:501.9,Bpos:551.9,Bstd:488.7,StrandBias:-0.1,Multiplicity:1.51
0.567	0.016	0.092	0.325
0.001	0.599	0.292	0.108
0.001	0.997	0.001	0.001
0.001	0.001	0.997	0.001
0.983	0.001	0.001	0.015
0.997	0.001	0.001	0.001
0.997	0.001	0.001	0.001
0.001	0.907	0.001	0.091
0.001	0.997	0.001	0.001
0.001	0.001	0.997	0.001
0.487	0.016	0.309	0.188
0.742	0.016	0.096	0.146
>TTGCGCATGCGC	9-TTGCGCATGCGC	9.252908	-596.365026	0	T:2746.0(11.10%),B:1180.3(5.47%),P:1e-258	Tpos:625.6,Tstd:417.7,Bpos:518.9,Bstd:484.6,StrandBias:-0.1,Multiplicity:1.25
0.099	0.188	0.142	0.571
0.079	0.139	0.125	0.657
0.093	0.092	0.776	0.039
0.054	0.802	0.084	0.060
0.055	0.070	0.828	0.047
0.046	0.840	0.082	0.032
0.609	0.175	0.122	0.094
0.091	0.126	0.166	0.617
0.030	0.098	0.832	0.040
0.053	0.819	0.067	0.061
0.047	0.074	0.813	0.066
0.028	0.836	0.069	0.067
>AAWACGTCGMTT	10-AAWACGTCGMTT	5.289391	-585.452313	0	T:7680.0(31.04%),B:4681.4(21.71%),P:1e-254	Tpos:688.5,Tstd:507.8,Bpos:557.4,Bstd:478.0,StrandBias:-0.0,Multiplicity:1.26
0.526	0.105	0.072	0.297
0.520	0.122	0.071	0.287
0.428	0.054	0.026	0.492
0.649	0.220	0.044	0.087
0.043	0.459	0.211	0.287
0.105	0.075	0.558	0.262
0.235	0.039	0.282	0.445
0.029	0.887	0.028	0.056
0.042	0.058	0.867	0.033
0.275	0.406	0.216	0.102
0.103	0.123	0.308	0.466
0.075	0.109	0.307	0.509
>NYTAACCGCGSC	11-NYTAACCGCGSC	4.183012	-582.797682	0	T:12613.0(50.98%),B:8684.0(40.26%),P:1e-253	Tpos:694.5,Tstd:486.9,Bpos:562.5,Bstd:497.4,StrandBias:0.0,Multiplicity:1.54
0.289	0.222	0.274	0.215
0.151	0.399	0.129	0.320
0.017	0.001	0.001	0.981
0.867	0.001	0.001	0.131
0.728	0.150	0.032	0.090
0.153	0.634	0.118	0.095
0.101	0.896	0.002	0.001
0.001	0.003	0.992	0.004
0.001	0.997	0.001	0.001
0.003	0.001	0.900	0.096
0.092	0.316	0.395	0.197
0.054	0.600	0.107	0.239
>ACGCCGGAAGTT	12-ACGCCGGAAGTT	7.328131	-486.055831	0	T:5586.0(22.58%),B:3255.4(15.09%),P:1e-211	Tpos:658.8,Tstd:420.2,Bpos:539.3,Bstd:486.6,StrandBias:0.1,Multiplicity:1.18
0.625	0.197	0.127	0.051
0.104	0.744	0.106	0.046
0.017	0.147	0.823	0.013
0.023	0.921	0.050	0.006
0.052	0.822	0.036	0.090
0.053	0.040	0.878	0.029
0.016	0.004	0.972	0.008
0.900	0.026	0.053	0.021
0.895	0.018	0.080	0.007
0.006	0.036	0.938	0.020
0.020	0.106	0.032	0.842
0.051	0.062	0.246	0.641
>CGGTCGCTTTTC	13-CGGTCGCTTTTC	7.989638	-445.236646	0	T:3480.0(14.06%),B:1806.9(8.38%),P:1e-193	Tpos:743.8,Tstd:482.6,Bpos:558.5,Bstd:478.8,StrandBias:0.1,Multiplicity:1.11
0.072	0.749	0.101	0.078
0.082	0.128	0.691	0.099
0.032	0.130	0.766	0.072
0.083	0.177	0.121	0.619
0.064	0.731	0.125	0.080
0.092	0.132	0.679	0.097
0.025	0.849	0.068	0.058
0.046	0.104	0.078	0.772
0.024	0.086	0.088	0.802
0.015	0.121	0.066	0.798
0.039	0.148	0.091	0.722
0.043	0.821	0.080	0.056
>CTGTCGCGAACG	14-CTGTCGCGAACG	6.517702	-442.822801	0	T:11307.0(45.70%),B:7872.5(36.50%),P:1e-192	Tpos:692.2,Tstd:469.6,Bpos:562.1,Bstd:502.6,StrandBias:-0.0,Multiplicity:1.32
0.100	0.700	0.100	0.100
0.100	0.100	0.100	0.700
0.100	0.100	0.700	0.100
0.100	0.100	0.100	0.700
0.100	0.700	0.100	0.100
0.100	0.100	0.700	0.100
0.100	0.700	0.100	0.100
0.100	0.100	0.700	0.100
0.700	0.100	0.100	0.100
0.700	0.100	0.100	0.100
0.100	0.700	0.100	0.100
0.100	0.100	0.700	0.100
>NSTTCTTCGGNB	15-NSTTCTTCGGNB	4.663491	-394.193981	0	T:14503.0(58.61%),B:10731.2(49.76%),P:1e-171	Tpos:704.9,Tstd:499.5,Bpos:556.1,Bstd:482.5,StrandBias:0.1,Multiplicity:1.70
0.208	0.312	0.278	0.202
0.178	0.299	0.369	0.153
0.247	0.113	0.072	0.568
0.229	0.105	0.072	0.594
0.213	0.445	0.131	0.211
0.282	0.014	0.162	0.542
0.291	0.085	0.051	0.573
0.092	0.771	0.067	0.070
0.013	0.102	0.835	0.050
0.211	0.057	0.612	0.120
0.214	0.290	0.280	0.217
0.156	0.307	0.337	0.200
>CGTCGGTAGCGG	16-CGTCGGTAGCGG	6.265642	-375.991085	0	T:15364.0(62.09%),B:11539.0(53.50%),P:1e-163	Tpos:722.9,Tstd:442.0,Bpos:550.5,Bstd:542.6,StrandBias:0.1,Multiplicity:2.41
0.119	0.658	0.132	0.091
0.069	0.141	0.684	0.106
0.097	0.147	0.181	0.575
0.104	0.677	0.129	0.090
0.089	0.140	0.678	0.093
0.068	0.142	0.717	0.073
0.140	0.181	0.154	0.525
0.582	0.145	0.157	0.116
0.093	0.103	0.747	0.057
0.090	0.714	0.116	0.080
0.089	0.110	0.709	0.092
0.090	0.105	0.736	0.069
>TATCCGCCGCGT	17-TATCCGCCGCGT	6.517702	-356.800935	0	T:11844.0(47.87%),B:8526.1(39.53%),P:1e-154	Tpos:714.4,Tstd:478.2,Bpos:549.5,Bstd:512.6,StrandBias:0.1,Multiplicity:1.50
0.100	0.100	0.100	0.700
0.700	0.100	0.100	0.100
0.100	0.100	0.100	0.700
0.100	0.700	0.100	0.100
0.100	0.700	0.100	0.100
0.100	0.100	0.700	0.100
0.100	0.700	0.100	0.100
0.100	0.700	0.100	0.100
0.100	0.100	0.700	0.100
0.100	0.700	0.100	0.100
0.100	0.100	0.700	0.100
0.100	0.100	0.100	0.700
>TCCGGCCCGACT	18-TCCGGCCCGACT	9.895452	-340.525351	0	T:2105.0(8.51%),B:1003.4(4.65%),P:1e-147	Tpos:692.0,Tstd:431.4,Bpos:581.4,Bstd:523.3,StrandBias:-0.1,Multiplicity:1.06
0.018	0.149	0.105	0.728
0.001	0.919	0.053	0.027
0.021	0.900	0.039	0.040
0.080	0.065	0.803	0.052
0.051	0.059	0.830	0.060
0.049	0.896	0.038	0.017
0.024	0.929	0.024	0.023
0.047	0.814	0.049	0.090
0.043	0.090	0.796	0.071
0.653	0.123	0.164	0.060
0.044	0.924	0.013	0.019
0.049	0.081	0.061	0.809
>CGGTCACGTGAC	19-CGGTCACGTGAC	9.529246	-263.279465	0	T:1226.0(4.95%),B:522.1(2.42%),P:1e-114	Tpos:671.7,Tstd:419.3,Bpos:555.2,Bstd:459.1,StrandBias:0.0,Multiplicity:1.11
0.075	0.471	0.308	0.146
0.177	0.237	0.484	0.103
0.080	0.154	0.742	0.024
0.005	0.204	0.032	0.759
0.001	0.980	0.018	0.001
0.849	0.123	0.014	0.014
0.005	0.837	0.091	0.067
0.071	0.136	0.769	0.024
0.001	0.012	0.132	0.855
0.001	0.025	0.971	0.003
0.715	0.046	0.199	0.040
0.023	0.658	0.199	0.120
>CGGACACTACGT	20-CGGACACTACGT	9.082828	-213.834290	0	T:68.0(0.27%),B:1.6(0.01%),P:1e-92	Tpos:587.0,Tstd:168.6,Bpos:695.3,Bstd:217.1,StrandBias:0.5,Multiplicity:1.00
0.098	0.702	0.108	0.092
0.103	0.097	0.706	0.094
0.077	0.108	0.754	0.061
0.626	0.141	0.131	0.102
0.121	0.687	0.141	0.051
0.633	0.113	0.129	0.125
0.063	0.745	0.122	0.070
0.111	0.138	0.156	0.595
0.583	0.144	0.157	0.116
0.103	0.666	0.143	0.088
0.084	0.111	0.689	0.116
0.103	0.131	0.150	0.616
>TTCCGTACAGCG	21-TTCCGTACAGCG	12.458616	-209.617516	0	T:80.0(0.32%),B:2.9(0.01%),P:1e-91	Tpos:773.7,Tstd:476.3,Bpos:0.0,Bstd:0.0,StrandBias:0.1,Multiplicity:1.00
0.001	0.001	0.068	0.930
0.001	0.069	0.007	0.923
0.001	0.955	0.043	0.001
0.001	0.997	0.001	0.001
0.001	0.022	0.976	0.001
0.001	0.167	0.069	0.763
0.825	0.167	0.007	0.001
0.166	0.832	0.001	0.001
0.991	0.001	0.007	0.001
0.001	0.001	0.976	0.022
0.001	0.997	0.001	0.001
0.131	0.022	0.846	0.001
>GTWGTTAGACCG	22-GTWGTTAGACCG	9.213675	-184.645862	0	T:82.0(0.33%),B:3.4(0.02%),P:1e-80	Tpos:875.9,Tstd:451.9,Bpos:612.6,Bstd:129.4,StrandBias:3.7,Multiplicity:1.00
0.022	0.085	0.769	0.124
0.078	0.274	0.132	0.516
0.411	0.114	0.211	0.264
0.124	0.053	0.682	0.141
0.200	0.081	0.113	0.606
0.026	0.172	0.278	0.524
0.731	0.075	0.183	0.011
0.104	0.219	0.670	0.007
0.524	0.197	0.232	0.047
0.009	0.731	0.251	0.009
0.094	0.687	0.114	0.105
0.139	0.226	0.578	0.057
>GTCGATTCCACG	23-GTCGATTCCACG	6.517702	-174.276955	0	T:8472.0(34.24%),B:6218.6(28.83%),P:1e-75	Tpos:704.4,Tstd:492.4,Bpos:563.8,Bstd:465.1,StrandBias:-0.0,Multiplicity:1.28
0.100	0.100	0.700	0.100
0.100	0.100	0.100	0.700
0.100	0.700	0.100	0.100
0.100	0.100	0.700	0.100
0.700	0.100	0.100	0.100
0.100	0.100	0.100	0.700
0.100	0.100	0.100	0.700
0.100	0.700	0.100	0.100
0.100	0.700	0.100	0.100
0.700	0.100	0.100	0.100
0.100	0.700	0.100	0.100
0.100	0.100	0.700	0.100
>GGCAGCCAATGG	24-GGCAGCCAATGG	10.037939	-150.638398	0	T:1123.0(4.54%),B:565.0(2.62%),P:1e-65	Tpos:673.9,Tstd:502.4,Bpos:539.7,Bstd:467.4,StrandBias:0.2,Multiplicity:1.06
0.095	0.229	0.568	0.108
0.001	0.216	0.541	0.242
0.143	0.590	0.170	0.097
0.904	0.073	0.022	0.001
0.082	0.001	0.916	0.001
0.001	0.997	0.001	0.001
0.001	0.849	0.149	0.001
0.994	0.001	0.004	0.001
0.949	0.001	0.001	0.049
0.317	0.001	0.001	0.681
0.001	0.001	0.973	0.025
0.189	0.043	0.767	0.001
>CCCTCCGCGGGC	25-CCCTCCGCGGGC	12.355432	-53.445433	0	T:71.0(0.29%),B:14.9(0.07%),P:1e-23	Tpos:723.2,Tstd:392.5,Bpos:429.8,Bstd:411.5,StrandBias:-0.4,Multiplicity:1.00
0.100	0.700	0.100	0.100
0.100	0.700	0.100	0.100
0.100	0.700	0.100	0.100
0.100	0.100	0.100	0.700
0.100	0.700	0.100	0.100
0.100	0.700	0.100	0.100
0.100	0.100	0.700	0.100
0.100	0.700	0.100	0.100
0.100	0.100	0.700	0.100
0.100	0.100	0.700	0.100
0.100	0.100	0.700	0.100
0.100	0.700	0.100	0.100
