>VNCCAATCGMBN	9-VNCCAATCGMBN	4.785667	-823.073808	0	T:15860.0(41.91%),B:9919.6(31.99%),P:1e-357
0.262	0.346	0.241	0.150
0.291	0.288	0.156	0.265
0.167	0.554	0.091	0.188
0.112	0.476	0.293	0.119
0.480	0.026	0.232	0.261
0.751	0.058	0.041	0.150
0.129	0.110	0.044	0.717
0.134	0.741	0.060	0.065
0.077	0.033	0.823	0.067
0.274	0.415	0.108	0.203
0.108	0.314	0.328	0.249
0.230	0.229	0.316	0.225
