>VRTCTCGCGANM	11-VRTCTCGCGANM	5.160260	-796.995895	0	T:9014.0(23.82%),B:4930.9(15.90%),P:1e-346
0.221	0.332	0.266	0.180
0.362	0.204	0.265	0.169
0.229	0.055	0.116	0.600
0.258	0.417	0.122	0.203
0.092	0.102	0.174	0.632
0.176	0.589	0.115	0.120
0.112	0.079	0.570	0.239
0.081	0.760	0.106	0.053
0.067	0.133	0.650	0.150
0.557	0.258	0.039	0.146
0.181	0.326	0.270	0.223
0.375	0.248	0.204	0.174
