>TTAATGATTAAC	22-TTAATGATTAAC,BestGuess:HNF1b(Homeobox)/PDAC-HNF1B-ChIP-Seq(GSE64557)/Homer(0.984)	10.551125	-298.280000	0	T:449.0(1.19%),B:90.4(0.29%),P:1e-129
0.046	0.043	0.041	0.870
0.085	0.075	0.046	0.794
0.921	0.013	0.014	0.052
0.892	0.038	0.020	0.050
0.083	0.027	0.011	0.879
0.126	0.214	0.533	0.127
0.861	0.024	0.034	0.081
0.044	0.015	0.073	0.868
0.042	0.033	0.032	0.893
0.836	0.038	0.058	0.068
0.885	0.037	0.050	0.028
0.087	0.771	0.030	0.112
