>NNTTCGRCGKNH	10-NNTTCGRCGKNH	4.859359	-817.060832	0	T:16961.0(44.82%),B:10782.1(34.77%),P:1e-354
0.323	0.260	0.197	0.219
0.255	0.289	0.272	0.183
0.157	0.066	0.044	0.733
0.253	0.108	0.063	0.576
0.150	0.701	0.073	0.076
0.048	0.135	0.757	0.060
0.276	0.110	0.408	0.207
0.076	0.744	0.024	0.156
0.078	0.162	0.651	0.109
0.191	0.130	0.407	0.272
0.331	0.253	0.213	0.203
0.242	0.352	0.098	0.308
