>NGTAACTTCCGS	6-NGTAACTTCCGS	5.880536	-923.479185	0	T:12530.0(33.11%),B:7255.1(23.40%),P:1e-401
0.227	0.287	0.272	0.214
0.091	0.137	0.659	0.113
0.133	0.169	0.179	0.519
0.557	0.173	0.159	0.111
0.608	0.133	0.160	0.099
0.092	0.690	0.118	0.100
0.080	0.158	0.093	0.669
0.073	0.150	0.151	0.626
0.056	0.746	0.103	0.095
0.126	0.647	0.106	0.121
0.111	0.146	0.621	0.122
0.176	0.281	0.373	0.170
