>BTGCGCATGCGC	7-BTGCGCATGCGC	10.000377	-903.772945	0	T:3572.0(9.44%),B:1346.0(4.34%),P:1e-392
0.106	0.264	0.263	0.367
0.055	0.145	0.123	0.677
0.054	0.041	0.900	0.005
0.032	0.901	0.052	0.015
0.017	0.017	0.950	0.016
0.003	0.964	0.027	0.006
0.776	0.140	0.051	0.033
0.076	0.071	0.138	0.715
0.002	0.018	0.974	0.006
0.030	0.921	0.036	0.013
0.007	0.023	0.944	0.026
0.017	0.910	0.027	0.046
