>AGTGACGTRACG	24-AGTGACGTRACG,BestGuess:CREM/MA0609.2/Jaspar(0.717)	8.353657	-201.780380	0	T:161.0(0.43%),B:16.6(0.05%),P:1e-87
0.627	0.031	0.240	0.102
0.078	0.059	0.837	0.026
0.135	0.215	0.153	0.497
0.037	0.034	0.840	0.089
0.492	0.137	0.128	0.243
0.205	0.473	0.149	0.173
0.069	0.109	0.643	0.179
0.092	0.278	0.198	0.432
0.395	0.239	0.267	0.099
0.579	0.202	0.164	0.055
0.264	0.458	0.135	0.143
0.109	0.132	0.628	0.131
