>MDARCGCGKANB	15-VNTMCGCGYTHK	4.933671	-573.698617	0	T:18654.0(49.30%),B:12621.5(40.70%),P:1e-249
0.222	0.371	0.220	0.187
0.223	0.164	0.283	0.331
0.747	0.065	0.048	0.140
0.297	0.086	0.445	0.172
0.106	0.616	0.072	0.206
0.097	0.016	0.775	0.112
0.087	0.728	0.065	0.120
0.121	0.196	0.633	0.050
0.132	0.075	0.402	0.391
0.718	0.055	0.040	0.187
0.292	0.194	0.222	0.293
0.167	0.218	0.278	0.337
