>CTAGCGGGCGAA	14-CTAGCGGGCGAA,BestGuess:btd/MA0443.1/Jaspar(0.665)	6.372698	-590.877846	0	T:11976.0(31.65%),B:7409.9(23.90%),P:1e-256
0.040	0.792	0.094	0.074
0.078	0.118	0.046	0.758
0.702	0.148	0.070	0.080
0.026	0.088	0.879	0.007
0.023	0.856	0.088	0.033
0.057	0.097	0.810	0.036
0.041	0.007	0.875	0.077
0.016	0.001	0.970	0.013
0.049	0.924	0.024	0.003
0.081	0.080	0.803	0.036
0.732	0.162	0.073	0.033
0.907	0.020	0.041	0.032
