>CGTYACGTCACT	24-AGTGACGTRACG	8.353657	-201.780380	0	T:161.0(0.43%),B:16.6(0.05%),P:1e-87
0.131	0.628	0.132	0.109
0.143	0.135	0.458	0.264
0.055	0.164	0.202	0.579
0.099	0.267	0.239	0.395
0.432	0.198	0.278	0.092
0.179	0.643	0.109	0.069
0.173	0.149	0.473	0.205
0.243	0.128	0.137	0.492
0.089	0.840	0.034	0.037
0.497	0.153	0.215	0.135
0.026	0.837	0.059	0.078
0.102	0.240	0.031	0.627
