>VNTMCGCGYTHK	15-VNTMCGCGYTHK,BestGuess:FUS(RRM)/Homo_sapiens-RNCMPT00018-PBM/HughesRNA(0.748)	4.933671	-573.698617	0	T:18654.0(49.30%),B:12621.5(40.70%),P:1e-249
0.337	0.278	0.218	0.167
0.293	0.222	0.194	0.292
0.187	0.040	0.055	0.718
0.391	0.402	0.075	0.132
0.050	0.633	0.196	0.121
0.120	0.065	0.728	0.087
0.112	0.775	0.016	0.097
0.206	0.072	0.616	0.106
0.172	0.445	0.086	0.297
0.140	0.048	0.065	0.747
0.331	0.283	0.164	0.223
0.187	0.220	0.371	0.222
