>TTCGCCCGCTAG	14-CTAGCGGGCGAA	6.372698	-590.877846	0	T:11976.0(31.65%),B:7409.9(23.90%),P:1e-256
0.032	0.041	0.020	0.907
0.033	0.073	0.162	0.732
0.036	0.803	0.080	0.081
0.003	0.024	0.924	0.049
0.013	0.970	0.001	0.016
0.077	0.875	0.007	0.041
0.036	0.810	0.097	0.057
0.033	0.088	0.856	0.023
0.007	0.879	0.088	0.026
0.080	0.070	0.148	0.702
0.758	0.046	0.118	0.078
0.074	0.094	0.792	0.040
