>KNCGGTTMCGMB	5-KNCGGTTMCGMB,BestGuess:TBS1/MA0404.1/Jaspar(0.769)	4.839734	-992.260314	0	T:16775.0(44.33%),B:10332.8(33.32%),P:1e-430
0.177	0.184	0.257	0.382
0.315	0.236	0.230	0.219
0.122	0.667	0.151	0.060
0.088	0.210	0.620	0.082
0.161	0.121	0.535	0.183
0.119	0.096	0.042	0.743
0.204	0.072	0.062	0.662
0.258	0.406	0.120	0.217
0.144	0.569	0.151	0.136
0.112	0.101	0.661	0.126
0.365	0.248	0.172	0.215
0.144	0.294	0.209	0.353
