>NKTTMCCGGCCG	8-NKTTMCCGGCCG	5.353552	-852.309000	0	T:13369.0(35.33%),B:7985.1(25.75%),P:1e-370
0.297	0.203	0.312	0.188
0.115	0.176	0.290	0.420
0.275	0.045	0.055	0.625
0.241	0.084	0.022	0.653
0.315	0.406	0.116	0.164
0.225	0.438	0.172	0.164
0.100	0.651	0.157	0.092
0.053	0.144	0.734	0.069
0.220	0.042	0.578	0.160
0.166	0.478	0.103	0.254
0.232	0.423	0.138	0.207
0.180	0.248	0.398	0.173
