>NWMCGAAAGCVB	13-NWMCGAAAGCVB	4.824468	-741.631574	0	T:18551.0(49.03%),B:12179.9(39.28%),P:1e-322
0.226	0.233	0.199	0.343
0.347	0.183	0.150	0.320
0.282	0.383	0.119	0.216
0.033	0.757	0.177	0.033
0.059	0.022	0.789	0.130
0.541	0.036	0.036	0.387
0.701	0.069	0.071	0.159
0.613	0.193	0.030	0.164
0.135	0.266	0.462	0.137
0.098	0.616	0.124	0.162
0.287	0.340	0.250	0.122
0.171	0.238	0.324	0.267
