>CCGCGTTACCTT	19-CCGCGTTACCTT	6.102862	-482.399305	0	T:16131.0(42.63%),B:10834.2(34.94%),P:1e-209
0.073	0.747	0.098	0.082
0.100	0.671	0.116	0.113
0.108	0.129	0.631	0.132
0.118	0.653	0.129	0.100
0.086	0.129	0.640	0.145
0.069	0.132	0.125	0.674
0.084	0.169	0.127	0.620
0.519	0.160	0.164	0.157
0.092	0.719	0.090	0.099
0.069	0.760	0.063	0.108
0.083	0.140	0.080	0.697
0.076	0.127	0.128	0.669
