>CCACTAGRKGGC	1-CCACTAGRKGGC	9.361218	-3852.514577	0	T:5704.0(13.86%),B:1386.2(3.48%),P:1e-1673	Tpos:321.1,Tstd:311.7,Bpos:374.0,Bstd:213.2,StrandBias:-0.1,Multiplicity:1.03
0.120	0.782	0.056	0.042
0.007	0.989	0.001	0.003
0.871	0.036	0.070	0.023
0.010	0.787	0.185	0.018
0.185	0.301	0.043	0.471
0.885	0.001	0.021	0.093
0.001	0.001	0.997	0.001
0.490	0.007	0.502	0.001
0.006	0.001	0.507	0.486
0.007	0.001	0.991	0.001
0.034	0.013	0.868	0.085
0.118	0.728	0.036	0.118
>GTAGCGCCCTCT	2-GTAGCGCCCTCT	7.495633	-539.625241	0	T:6302.0(15.32%),B:4030.1(10.13%),P:1e-234	Tpos:517.7,Tstd:400.5,Bpos:370.1,Bstd:227.5,StrandBias:0.0,Multiplicity:1.14
0.128	0.127	0.691	0.054
0.051	0.121	0.137	0.691
0.732	0.091	0.127	0.050
0.021	0.043	0.929	0.007
0.118	0.724	0.076	0.082
0.080	0.066	0.732	0.122
0.046	0.873	0.045	0.036
0.040	0.930	0.017	0.013
0.011	0.959	0.011	0.019
0.015	0.072	0.043	0.870
0.002	0.938	0.047	0.013
0.009	0.045	0.015	0.931
>TGAACTTTGSCC	3-TGAACTTTGSCC	7.597705	-530.131885	0	T:7511.0(18.26%),B:5032.5(12.64%),P:1e-230	Tpos:471.2,Tstd:386.9,Bpos:369.7,Bstd:216.2,StrandBias:-0.1,Multiplicity:1.16
0.126	0.003	0.110	0.761
0.065	0.029	0.756	0.150
0.550	0.066	0.320	0.064
0.633	0.267	0.052	0.048
0.099	0.816	0.037	0.048
0.037	0.101	0.001	0.861
0.006	0.115	0.035	0.844
0.001	0.001	0.008	0.990
0.069	0.035	0.797	0.099
0.173	0.258	0.394	0.175
0.139	0.617	0.038	0.206
0.156	0.612	0.004	0.228
>CTGGCAGCTAGC	4-CTGGCAGCTAGC	6.758466	-435.805854	0	T:14432.0(35.08%),B:11306.4(28.41%),P:1e-189	Tpos:503.9,Tstd:395.8,Bpos:375.2,Bstd:221.3,StrandBias:-0.0,Multiplicity:1.47
0.062	0.795	0.065	0.078
0.088	0.071	0.059	0.782
0.054	0.053	0.825	0.068
0.064	0.118	0.753	0.065
0.086	0.774	0.100	0.040
0.764	0.062	0.061	0.113
0.059	0.091	0.788	0.062
0.067	0.756	0.082	0.095
0.125	0.144	0.106	0.625
0.662	0.094	0.130	0.114
0.074	0.090	0.753	0.083
0.088	0.724	0.110	0.078
>NNAAACRAGCCG	5-NNAAACRAGCCG	4.743943	-421.720454	0	T:13824.0(33.60%),B:10795.8(27.13%),P:1e-183	Tpos:522.3,Tstd:410.7,Bpos:372.5,Bstd:233.2,StrandBias:0.0,Multiplicity:1.31
0.189	0.310	0.288	0.213
0.170	0.311	0.232	0.288
0.549	0.144	0.100	0.207
0.610	0.095	0.133	0.162
0.526	0.176	0.103	0.195
0.060	0.731	0.086	0.123
0.380	0.120	0.330	0.171
0.555	0.278	0.079	0.088
0.168	0.167	0.494	0.171
0.117	0.571	0.117	0.195
0.178	0.514	0.145	0.163
0.154	0.135	0.599	0.112
>CTCCCCGCCCGC	6-CTCCCCGCCCGC	9.424598	-414.101390	0	T:5177.0(12.58%),B:3345.9(8.41%),P:1e-179	Tpos:673.3,Tstd:431.4,Bpos:369.2,Bstd:258.2,StrandBias:0.2,Multiplicity:1.56
0.001	0.881	0.040	0.078
0.042	0.045	0.115	0.798
0.001	0.923	0.006	0.070
0.075	0.689	0.121	0.115
0.013	0.865	0.023	0.099
0.086	0.861	0.040	0.013
0.071	0.154	0.729	0.046
0.019	0.905	0.075	0.001
0.001	0.871	0.070	0.058
0.001	0.928	0.042	0.029
0.045	0.188	0.677	0.090
0.015	0.873	0.081	0.031
>GTCGGATTAGNG	7-GTCGGATTAGNG	5.057136	-368.608837	0	T:11154.0(27.11%),B:8551.9(21.49%),P:1e-160	Tpos:564.5,Tstd:429.8,Bpos:371.5,Bstd:237.2,StrandBias:-0.1,Multiplicity:1.37
0.153	0.144	0.455	0.247
0.115	0.234	0.223	0.429
0.052	0.881	0.013	0.054
0.005	0.251	0.684	0.060
0.118	0.046	0.734	0.102
0.770	0.029	0.128	0.073
0.144	0.171	0.026	0.659
0.137	0.052	0.050	0.761
0.623	0.164	0.150	0.063
0.132	0.049	0.671	0.148
0.253	0.191	0.296	0.259
0.184	0.167	0.527	0.122
>GTTAATGATTAA	8-GTTAATGATTAA	9.431244	-360.593829	0	T:1230.0(2.99%),B:502.6(1.26%),P:1e-156	Tpos:432.7,Tstd:327.3,Bpos:365.2,Bstd:224.6,StrandBias:-0.1,Multiplicity:1.04
0.081	0.049	0.761	0.109
0.036	0.057	0.038	0.869
0.110	0.042	0.058	0.790
0.925	0.023	0.025	0.027
0.881	0.053	0.017	0.049
0.060	0.011	0.024	0.905
0.114	0.182	0.564	0.140
0.812	0.030	0.069	0.089
0.055	0.019	0.062	0.864
0.020	0.035	0.021	0.924
0.842	0.053	0.044	0.061
0.865	0.046	0.052	0.037
>NSGGAAACCGNV	9-NSGGAAACCGNV	5.338039	-332.730593	0	T:5518.0(13.41%),B:3781.7(9.50%),P:1e-144	Tpos:619.3,Tstd:442.4,Bpos:373.0,Bstd:252.6,StrandBias:0.1,Multiplicity:1.28
0.224	0.306	0.248	0.222
0.166	0.424	0.288	0.122
0.085	0.185	0.663	0.067
0.138	0.134	0.486	0.241
0.525	0.109	0.075	0.291
0.538	0.174	0.100	0.188
0.573	0.113	0.169	0.145
0.254	0.411	0.161	0.174
0.031	0.754	0.132	0.083
0.087	0.106	0.744	0.063
0.280	0.277	0.271	0.172
0.306	0.269	0.274	0.152
>GTTACGCAACCC	10-GTTACGCAACCC	5.719225	-293.075917	0	T:9634.0(23.42%),B:7426.9(18.66%),P:1e-127	Tpos:534.5,Tstd:428.3,Bpos:370.6,Bstd:224.6,StrandBias:0.0,Multiplicity:1.21
0.105	0.121	0.667	0.107
0.096	0.121	0.100	0.683
0.095	0.144	0.129	0.632
0.604	0.151	0.121	0.124
0.156	0.581	0.132	0.131
0.143	0.161	0.556	0.140
0.108	0.708	0.105	0.079
0.738	0.116	0.069	0.077
0.670	0.099	0.140	0.091
0.104	0.688	0.118	0.090
0.100	0.745	0.056	0.099
0.101	0.732	0.059	0.108
>CCAAACCAAACA	11-CCAAACCAAACA	8.639487	-287.253526	0	T:3857.0(9.37%),B:2518.7(6.33%),P:1e-124	Tpos:447.1,Tstd:385.4,Bpos:367.5,Bstd:222.9,StrandBias:0.1,Multiplicity:1.08
0.124	0.584	0.124	0.168
0.147	0.830	0.001	0.022
0.865	0.020	0.001	0.114
0.815	0.013	0.171	0.001
0.700	0.122	0.167	0.011
0.195	0.511	0.175	0.119
0.151	0.731	0.001	0.117
0.932	0.001	0.001	0.066
0.843	0.001	0.155	0.001
0.668	0.094	0.130	0.108
0.017	0.872	0.100	0.011
0.729	0.118	0.001	0.152
>GCGCGAACAGAG	12-GCGCGAACAGAG	3.313755	-283.798303	0	T:8334.0(20.26%),B:6308.7(15.85%),P:1e-123	Tpos:567.7,Tstd:418.1,Bpos:372.4,Bstd:234.4,StrandBias:0.1,Multiplicity:1.24
0.019	0.001	0.961	0.019
0.054	0.891	0.054	0.001
0.001	0.303	0.642	0.054
0.062	0.936	0.001	0.001
0.018	0.001	0.980	0.001
0.886	0.008	0.003	0.103
0.869	0.056	0.020	0.055
0.019	0.961	0.019	0.001
0.980	0.018	0.001	0.001
0.054	0.019	0.926	0.001
0.926	0.054	0.001	0.019
0.001	0.018	0.980	0.001
>ATTCGCCCAGCC	13-ATTCGCCCAGCC	8.535475	-261.795108	0	T:2699.0(6.56%),B:1650.0(4.15%),P:1e-113	Tpos:544.4,Tstd:400.1,Bpos:384.4,Bstd:226.6,StrandBias:0.1,Multiplicity:1.06
0.803	0.071	0.036	0.090
0.049	0.067	0.064	0.820
0.015	0.123	0.071	0.791
0.084	0.696	0.082	0.138
0.144	0.112	0.638	0.106
0.029	0.899	0.054	0.018
0.046	0.859	0.008	0.087
0.039	0.921	0.027	0.013
0.818	0.056	0.032	0.094
0.008	0.045	0.929	0.018
0.017	0.903	0.042	0.038
0.010	0.925	0.045	0.020
>TTGGCAAGCAGT	14-TTGGCAAGCAGT	7.092892	-240.277720	0	T:8200.0(19.93%),B:6323.9(15.89%),P:1e-104	Tpos:462.6,Tstd:388.9,Bpos:371.2,Bstd:216.8,StrandBias:0.0,Multiplicity:1.13
0.060	0.090	0.091	0.759
0.090	0.044	0.086	0.780
0.099	0.038	0.767	0.096
0.093	0.099	0.717	0.091
0.128	0.700	0.094	0.078
0.781	0.125	0.039	0.055
0.759	0.043	0.106	0.092
0.102	0.060	0.755	0.083
0.082	0.757	0.096	0.065
0.805	0.041	0.052	0.102
0.074	0.094	0.731	0.101
0.106	0.092	0.113	0.689
>ACTACAAHTCCC	15-ACTACAAHTCCC	10.538357	-221.265835	0	T:404.0(0.98%),B:112.1(0.28%),P:1e-96	Tpos:705.7,Tstd:399.7,Bpos:400.2,Bstd:239.7,StrandBias:-0.3,Multiplicity:1.14
0.871	0.045	0.042	0.042
0.198	0.678	0.046	0.078
0.189	0.071	0.025	0.715
0.612	0.052	0.137	0.199
0.066	0.821	0.063	0.050
0.788	0.058	0.030	0.124
0.422	0.194	0.158	0.226
0.292	0.300	0.079	0.330
0.177	0.139	0.024	0.660
0.046	0.845	0.065	0.044
0.066	0.850	0.021	0.063
0.047	0.771	0.025	0.157
>TTCCGATCGGGT	16-TTCCGATCGGGT	6.517702	-196.205731	0	T:6942.0(16.87%),B:5359.0(13.46%),P:1e-85	Tpos:567.8,Tstd:445.8,Bpos:372.6,Bstd:233.9,StrandBias:-0.1,Multiplicity:1.18
0.100	0.100	0.100	0.700
0.100	0.100	0.100	0.700
0.100	0.700	0.100	0.100
0.100	0.700	0.100	0.100
0.100	0.100	0.700	0.100
0.700	0.100	0.100	0.100
0.100	0.100	0.100	0.700
0.100	0.700	0.100	0.100
0.100	0.100	0.700	0.100
0.100	0.100	0.700	0.100
0.100	0.100	0.700	0.100
0.100	0.100	0.100	0.700
>VGGCGGCCGAAG	17-VGGCGGCCGAAG	13.693037	-170.127025	0	T:75.0(0.18%),B:3.8(0.01%),P:1e-73	Tpos:534.3,Tstd:401.3,Bpos:260.0,Bstd:0.0,StrandBias:0.1,Multiplicity:1.00
0.367	0.357	0.275	0.001
0.163	0.001	0.673	0.163
0.001	0.001	0.997	0.001
0.001	0.997	0.001	0.001
0.001	0.001	0.997	0.001
0.001	0.001	0.997	0.001
0.001	0.997	0.001	0.001
0.001	0.997	0.001	0.001
0.034	0.001	0.606	0.359
0.997	0.001	0.001	0.001
0.997	0.001	0.001	0.001
0.371	0.001	0.627	0.001
>GACGCCTAGTCA	18-GACGCCTAGTCA	12.088145	-155.680104	0	T:52.0(0.13%),B:1.3(0.00%),P:1e-67	Tpos:570.4,Tstd:449.6,Bpos:486.1,Bstd:4.0,StrandBias:0.0,Multiplicity:1.00
0.032	0.001	0.966	0.001
0.903	0.001	0.095	0.001
0.008	0.917	0.001	0.074
0.046	0.096	0.825	0.033
0.033	0.933	0.001	0.033
0.001	0.966	0.001	0.032
0.033	0.180	0.001	0.786
0.933	0.001	0.001	0.065
0.001	0.001	0.903	0.095
0.033	0.033	0.033	0.901
0.001	0.966	0.032	0.001
0.933	0.001	0.033	0.033
>ASCYCCACTCGG	19-ASCYCCACTCGG	13.057913	-138.047986	0	T:71.0(0.17%),B:4.8(0.01%),P:1e-59	Tpos:332.4,Tstd:254.5,Bpos:504.5,Bstd:106.3,StrandBias:-0.4,Multiplicity:1.00
0.997	0.001	0.001	0.001
0.001	0.565	0.433	0.001
0.109	0.889	0.001	0.001
0.001	0.558	0.001	0.440
0.001	0.886	0.001	0.112
0.001	0.889	0.001	0.109
0.889	0.001	0.109	0.001
0.113	0.661	0.110	0.116
0.001	0.001	0.001	0.997
0.001	0.997	0.001	0.001
0.001	0.001	0.997	0.001
0.001	0.001	0.780	0.218
>TAACTCAGATCG	20-TAACTCAGATCG	11.441083	-117.422004	0	T:51.0(0.12%),B:2.8(0.01%),P:1e-50	Tpos:569.0,Tstd:452.0,Bpos:427.0,Bstd:75.0,StrandBias:0.6,Multiplicity:1.00
0.111	0.086	0.088	0.715
0.765	0.075	0.061	0.099
0.784	0.070	0.092	0.054
0.061	0.802	0.094	0.043
0.073	0.098	0.059	0.770
0.050	0.815	0.085	0.050
0.869	0.042	0.043	0.046
0.069	0.058	0.828	0.045
0.685	0.142	0.091	0.082
0.086	0.081	0.081	0.752
0.121	0.603	0.125	0.151
0.133	0.115	0.612	0.140
>GGCCGCAGCACA	21-GGCCGCAGCACA	13.814849	-112.050762	0	T:56.0(0.14%),B:3.8(0.01%),P:1e-48	Tpos:519.6,Tstd:370.2,Bpos:295.1,Bstd:8.6,StrandBias:2.4,Multiplicity:1.00
0.001	0.001	0.997	0.001
0.001	0.001	0.997	0.001
0.112	0.722	0.001	0.165
0.001	0.997	0.001	0.001
0.001	0.001	0.997	0.001
0.001	0.756	0.001	0.242
0.647	0.351	0.001	0.001
0.001	0.001	0.997	0.001
0.001	0.756	0.001	0.242
0.997	0.001	0.001	0.001
0.001	0.997	0.001	0.001
0.997	0.001	0.001	0.001
>CTGGGAAGTGTG	22-CTGGGAAGTGTG	-4.114775	-110.055255	0	T:8004.0(19.45%),B:6652.5(16.72%),P:1e-47	Tpos:527.3,Tstd:420.5,Bpos:368.9,Bstd:219.2,StrandBias:-0.2,Multiplicity:1.17
0.001	0.997	0.001	0.001
0.001	0.001	0.001	0.997
0.001	0.006	0.992	0.001
0.001	0.001	0.997	0.001
0.001	0.001	0.997	0.001
0.997	0.001	0.001	0.001
0.997	0.001	0.001	0.001
0.001	0.001	0.997	0.001
0.001	0.001	0.001	0.997
0.001	0.001	0.997	0.001
0.001	0.006	0.001	0.992
0.001	0.001	0.997	0.001
>TACTTTACGGCG	23-TACTTTACGGCG	12.758987	-102.730140	0	T:38.0(0.09%),B:0.0(0.00%),P:1e-44	Tpos:518.7,Tstd:260.8,Bpos:0.0,Bstd:0.0,StrandBias:0.0,Multiplicity:1.00
0.001	0.163	0.001	0.835
0.997	0.001	0.001	0.001
0.001	0.942	0.001	0.056
0.001	0.001	0.001	0.997
0.056	0.001	0.001	0.942
0.001	0.001	0.001	0.997
0.942	0.001	0.056	0.001
0.056	0.942	0.001	0.001
0.163	0.001	0.835	0.001
0.001	0.056	0.942	0.001
0.056	0.942	0.001	0.001
0.057	0.057	0.722	0.164
>GGCAAATATTTA	24-GGCAAATATTTA	11.256928	-100.576760	0	T:52.0(0.13%),B:3.8(0.01%),P:1e-43	Tpos:510.6,Tstd:376.0,Bpos:274.2,Bstd:226.7,StrandBias:0.2,Multiplicity:1.00
0.001	0.001	0.997	0.001
0.001	0.001	0.997	0.001
0.001	0.997	0.001	0.001
0.997	0.001	0.001	0.001
0.997	0.001	0.001	0.001
0.997	0.001	0.001	0.001
0.001	0.001	0.001	0.997
0.997	0.001	0.001	0.001
0.005	0.001	0.001	0.993
0.001	0.001	0.001	0.997
0.001	0.001	0.047	0.951
0.997	0.001	0.001	0.001
>CCTAGWAAAGAA	25-CCTAGWAAAGAA	14.238574	-76.272894	0	T:56.0(0.14%),B:6.4(0.02%),P:1e-33	Tpos:680.1,Tstd:507.6,Bpos:513.9,Bstd:114.4,StrandBias:-0.1,Multiplicity:1.00
0.001	0.997	0.001	0.001
0.001	0.997	0.001	0.001
0.001	0.001	0.001	0.997
0.997	0.001	0.001	0.001
0.001	0.001	0.997	0.001
0.487	0.001	0.001	0.511
0.756	0.242	0.001	0.001
0.997	0.001	0.001	0.001
0.756	0.001	0.001	0.242
0.001	0.001	0.997	0.001
0.997	0.001	0.001	0.001
0.997	0.001	0.001	0.001
