>CACTAGAKGG	1-CACTAGAKGG	8.185334	-2264.721880	0	T:6691.0(16.26%),B:2634.5(6.62%),P:1e-983	Tpos:370.2,Tstd:353.3,Bpos:369.8,Bstd:213.4,StrandBias:-0.0,Multiplicity:1.06
0.014	0.959	0.010	0.017
0.836	0.022	0.119	0.023
0.012	0.846	0.135	0.007
0.082	0.268	0.062	0.588
0.943	0.019	0.009	0.029
0.009	0.001	0.989	0.001
0.560	0.042	0.397	0.001
0.003	0.034	0.455	0.508
0.008	0.066	0.888	0.038
0.032	0.008	0.884	0.076
>GGCAAAGTTC	2-GGCAAAGTTC	6.206575	-591.338058	0	T:16446.0(39.97%),B:12714.6(31.95%),P:1e-256	Tpos:503.2,Tstd:413.3,Bpos:369.7,Bstd:221.7,StrandBias:0.1,Multiplicity:1.39
0.319	0.083	0.513	0.085
0.119	0.190	0.496	0.195
0.007	0.743	0.075	0.175
0.591	0.116	0.220	0.073
0.784	0.001	0.204	0.011
0.937	0.001	0.061	0.001
0.015	0.086	0.898	0.001
0.040	0.105	0.286	0.569
0.079	0.210	0.163	0.548
0.057	0.830	0.003	0.110
>WADYTGSCAG	3-WADYTGSCAG	5.251503	-511.289002	0	T:14187.0(34.48%),B:10872.7(27.32%),P:1e-222	Tpos:471.2,Tstd:387.3,Bpos:375.1,Bstd:217.5,StrandBias:0.0,Multiplicity:1.32
0.298	0.181	0.178	0.344
0.472	0.029	0.275	0.225
0.333	0.117	0.285	0.265
0.154	0.429	0.094	0.323
0.166	0.245	0.190	0.398
0.246	0.265	0.470	0.019
0.035	0.353	0.437	0.175
0.040	0.665	0.261	0.034
0.558	0.036	0.037	0.369
0.038	0.034	0.889	0.039
>CMRACCAAAC	4-CMRACCAAAC	6.465972	-486.857643	0	T:14159.0(34.41%),B:10913.8(27.42%),P:1e-211	Tpos:470.5,Tstd:392.3,Bpos:371.9,Bstd:223.3,StrandBias:0.1,Multiplicity:1.31
0.123	0.743	0.001	0.133
0.440	0.325	0.030	0.205
0.449	0.072	0.451	0.029
0.566	0.001	0.374	0.059
0.250	0.430	0.275	0.046
0.047	0.783	0.001	0.169
0.732	0.014	0.007	0.247
0.997	0.001	0.001	0.001
0.849	0.001	0.149	0.001
0.001	0.904	0.001	0.094
>SCGGVGYTAA	5-SCGGVGYTAA	5.096841	-466.527671	0	T:6994.0(17.00%),B:4728.5(11.88%),P:1e-202	Tpos:575.4,Tstd:442.4,Bpos:372.9,Bstd:243.8,StrandBias:-0.1,Multiplicity:1.23
0.109	0.474	0.327	0.090
0.114	0.591	0.173	0.122
0.167	0.149	0.571	0.113
0.019	0.158	0.806	0.017
0.285	0.351	0.229	0.135
0.076	0.199	0.481	0.243
0.169	0.282	0.170	0.379
0.238	0.040	0.074	0.648
0.576	0.075	0.057	0.292
0.481	0.204	0.142	0.173
>GATTGCGCAA	6-GATTGCGCAA	4.706585	-453.766756	0	T:17883.0(43.47%),B:14436.7(36.27%),P:1e-197	Tpos:486.0,Tstd:392.1,Bpos:370.4,Bstd:223.9,StrandBias:-0.0,Multiplicity:1.43
0.118	0.097	0.687	0.098
0.636	0.116	0.125	0.123
0.093	0.109	0.092	0.706
0.088	0.094	0.089	0.729
0.122	0.093	0.701	0.084
0.093	0.697	0.112	0.098
0.111	0.109	0.695	0.085
0.109	0.696	0.090	0.105
0.715	0.112	0.087	0.086
0.738	0.090	0.101	0.071
>CGCGCGATTT	7-CGCGCGATTT	5.453510	-429.116258	0	T:2920.0(7.10%),B:1587.7(3.99%),P:1e-186	Tpos:682.8,Tstd:453.6,Bpos:375.5,Bstd:260.2,StrandBias:-0.1,Multiplicity:1.18
0.195	0.503	0.192	0.110
0.106	0.137	0.618	0.139
0.117	0.616	0.167	0.100
0.081	0.170	0.605	0.144
0.221	0.580	0.098	0.101
0.145	0.106	0.617	0.132
0.505	0.182	0.162	0.151
0.101	0.125	0.212	0.562
0.104	0.176	0.108	0.612
0.153	0.224	0.189	0.435
>TAAACGGCTG	8-TAAACGGCTG	6.092399	-361.615673	0	T:11075.0(26.92%),B:8502.0(21.36%),P:1e-157	Tpos:480.8,Tstd:395.7,Bpos:372.9,Bstd:221.5,StrandBias:0.0,Multiplicity:1.20
0.019	0.103	0.098	0.780
0.713	0.091	0.091	0.105
0.872	0.126	0.001	0.001
0.731	0.058	0.025	0.186
0.016	0.759	0.068	0.157
0.100	0.129	0.643	0.128
0.117	0.035	0.740	0.108
0.001	0.902	0.014	0.083
0.001	0.048	0.005	0.946
0.001	0.042	0.913	0.044
>GCTCGCTCGC	9-GCTCGCTCGC	5.855679	-340.446576	0	T:4696.0(11.41%),B:3093.4(7.77%),P:1e-147	Tpos:650.5,Tstd:438.5,Bpos:375.3,Bstd:261.3,StrandBias:0.1,Multiplicity:1.34
0.151	0.137	0.572	0.140
0.137	0.581	0.123	0.159
0.125	0.146	0.121	0.608
0.118	0.611	0.136	0.135
0.131	0.130	0.598	0.141
0.123	0.598	0.141	0.138
0.123	0.137	0.117	0.623
0.116	0.617	0.128	0.139
0.120	0.151	0.602	0.127
0.137	0.591	0.144	0.128
>CCGGCCGGAA	10-CCGGCCGGAA	7.554630	-329.017388	0	T:4601.0(11.18%),B:3038.6(7.63%),P:1e-142	Tpos:652.4,Tstd:428.6,Bpos:366.2,Bstd:258.3,StrandBias:-0.1,Multiplicity:1.36
0.018	0.763	0.116	0.103
0.011	0.657	0.159	0.173
0.059	0.137	0.772	0.032
0.046	0.001	0.929	0.024
0.038	0.712	0.084	0.166
0.021	0.567	0.169	0.243
0.113	0.073	0.749	0.065
0.219	0.045	0.723	0.013
0.676	0.055	0.238	0.031
0.648	0.195	0.146	0.011
>AGCGAAGCGG	11-AGCGAAGCGG	6.528112	-320.985596	0	T:5842.0(14.20%),B:4076.4(10.24%),P:1e-139	Tpos:637.0,Tstd:432.9,Bpos:375.6,Bstd:260.8,StrandBias:-0.1,Multiplicity:1.42
0.692	0.092	0.103	0.113
0.088	0.108	0.716	0.088
0.098	0.705	0.104	0.093
0.096	0.097	0.707	0.100
0.681	0.108	0.114	0.097
0.693	0.105	0.126	0.076
0.095	0.113	0.684	0.108
0.092	0.738	0.081	0.089
0.092	0.101	0.706	0.101
0.122	0.108	0.675	0.095
>AATCATTAAC	12-AATCATTAAC	8.622440	-285.514228	0	T:1931.0(4.69%),B:1043.9(2.62%),P:1e-123	Tpos:443.2,Tstd:373.1,Bpos:359.9,Bstd:222.7,StrandBias:0.1,Multiplicity:1.05
0.968	0.001	0.030	0.001
0.957	0.041	0.001	0.001
0.069	0.028	0.001	0.902
0.112	0.486	0.299	0.103
0.990	0.008	0.001	0.001
0.019	0.008	0.029	0.944
0.001	0.001	0.001	0.997
0.939	0.020	0.021	0.020
0.959	0.014	0.026	0.001
0.039	0.959	0.001	0.001
>GCGCCGAGTA	13-GCGCCGAGTA	-0.178872	-234.688933	0	T:5297.0(12.87%),B:3824.5(9.61%),P:1e-101	Tpos:566.6,Tstd:424.4,Bpos:375.3,Bstd:240.0,StrandBias:0.1,Multiplicity:1.17
0.001	0.126	0.821	0.052
0.001	0.928	0.001	0.070
0.001	0.001	0.997	0.001
0.001	0.997	0.001	0.001
0.001	0.997	0.001	0.001
0.001	0.001	0.993	0.005
0.997	0.001	0.001	0.001
0.005	0.001	0.993	0.001
0.001	0.001	0.001	0.997
0.997	0.001	0.001	0.001
>TCTCGAGTCG	14-TCTCGAGTCG	-0.318132	-220.202288	0	T:5521.0(13.42%),B:4053.2(10.18%),P:1e-95	Tpos:587.9,Tstd:429.3,Bpos:381.2,Bstd:241.6,StrandBias:-0.2,Multiplicity:1.22
0.001	0.001	0.001	0.997
0.001	0.947	0.051	0.001
0.122	0.001	0.001	0.876
0.001	0.997	0.001	0.001
0.001	0.001	0.997	0.001
0.849	0.001	0.001	0.149
0.001	0.001	0.997	0.001
0.032	0.001	0.001	0.966
0.001	0.997	0.001	0.001
0.001	0.001	0.997	0.001
>MTTHGTTCCG	15-MTTHGTTCCG	8.792102	-181.598557	0	T:1128.0(2.74%),B:591.1(1.49%),P:1e-78	Tpos:550.1,Tstd:434.8,Bpos:375.2,Bstd:221.6,StrandBias:-0.3,Multiplicity:1.02
0.487	0.511	0.001	0.001
0.176	0.089	0.001	0.734
0.016	0.001	0.001	0.982
0.263	0.278	0.074	0.384
0.001	0.091	0.907	0.001
0.020	0.083	0.001	0.896
0.001	0.001	0.001	0.997
0.001	0.997	0.001	0.001
0.111	0.741	0.147	0.001
0.259	0.001	0.739	0.001
>CCGCGTTCCG	16-CCGCGTTCCG	6.404373	-179.460543	0	T:9976.0(24.25%),B:8135.8(20.44%),P:1e-77	Tpos:638.6,Tstd:426.5,Bpos:372.9,Bstd:260.3,StrandBias:0.1,Multiplicity:2.18
0.100	0.700	0.100	0.100
0.100	0.700	0.100	0.100
0.100	0.100	0.700	0.100
0.100	0.700	0.100	0.100
0.100	0.100	0.700	0.100
0.100	0.100	0.100	0.700
0.100	0.100	0.100	0.700
0.100	0.700	0.100	0.100
0.100	0.700	0.100	0.100
0.100	0.100	0.700	0.100
>ATCGTTCYCG	17-ATCGTTCYCG	5.937614	-160.819189	0	T:8712.0(21.18%),B:7067.0(17.76%),P:1e-69	Tpos:528.7,Tstd:399.2,Bpos:374.7,Bstd:224.1,StrandBias:0.0,Multiplicity:1.19
0.875	0.033	0.033	0.059
0.063	0.012	0.318	0.607
0.057	0.722	0.220	0.001
0.115	0.074	0.631	0.180
0.093	0.001	0.006	0.900
0.012	0.001	0.364	0.623
0.124	0.802	0.044	0.030
0.102	0.418	0.201	0.279
0.052	0.670	0.276	0.002
0.062	0.020	0.917	0.001
>TGTCGCTCCG	18-TGTCGCTCCG	4.398142	-159.078190	0	T:1399.0(3.40%),B:817.7(2.05%),P:1e-69	Tpos:589.7,Tstd:437.7,Bpos:361.6,Bstd:241.3,StrandBias:-0.1,Multiplicity:1.04
0.001	0.001	0.001	0.997
0.001	0.001	0.997	0.001
0.001	0.001	0.001	0.997
0.001	0.887	0.001	0.111
0.001	0.001	0.997	0.001
0.001	0.679	0.001	0.319
0.099	0.001	0.001	0.899
0.001	0.997	0.001	0.001
0.001	0.899	0.099	0.001
0.001	0.001	0.997	0.001
>GTTTACTAGC	19-GTTTACTAGC	6.404373	-157.039682	0	T:10333.0(25.12%),B:8557.8(21.50%),P:1e-68	Tpos:463.4,Tstd:401.7,Bpos:370.6,Bstd:223.8,StrandBias:-0.0,Multiplicity:1.21
0.100	0.100	0.700	0.100
0.100	0.100	0.100	0.700
0.100	0.100	0.100	0.700
0.100	0.100	0.100	0.700
0.700	0.100	0.100	0.100
0.100	0.700	0.100	0.100
0.100	0.100	0.100	0.700
0.700	0.100	0.100	0.100
0.100	0.100	0.700	0.100
0.100	0.700	0.100	0.100
>CGCACGCCTA	20-CGCACGCCTA	-2.266234	-128.156017	0	T:12242.0(29.76%),B:10461.3(26.29%),P:1e-55	Tpos:574.3,Tstd:425.4,Bpos:373.9,Bstd:239.9,StrandBias:0.1,Multiplicity:1.47
0.001	0.997	0.001	0.001
0.001	0.001	0.997	0.001
0.001	0.997	0.001	0.001
0.997	0.001	0.001	0.001
0.001	0.997	0.001	0.001
0.001	0.001	0.997	0.001
0.001	0.997	0.001	0.001
0.001	0.897	0.001	0.101
0.001	0.001	0.001	0.997
0.997	0.001	0.001	0.001
>GTAATCGTGT	21-GTAATCGTGT	12.584139	-89.855720	0	T:62.0(0.15%),B:6.4(0.02%),P:1e-39	Tpos:574.8,Tstd:337.3,Bpos:317.5,Bstd:158.6,StrandBias:0.6,Multiplicity:1.00
0.001	0.001	0.997	0.001
0.001	0.001	0.001	0.997
0.997	0.001	0.001	0.001
0.712	0.001	0.001	0.286
0.001	0.001	0.001	0.997
0.001	0.997	0.001	0.001
0.001	0.001	0.997	0.001
0.001	0.001	0.001	0.997
0.001	0.001	0.997	0.001
0.001	0.001	0.001	0.997
>TKTCGCCGST	22-TKTCGCCGST	11.258263	-86.399762	0	T:81.0(0.20%),B:12.1(0.03%),P:1e-37	Tpos:503.3,Tstd:332.3,Bpos:401.3,Bstd:121.5,StrandBias:0.3,Multiplicity:1.00
0.152	0.001	0.038	0.809
0.007	0.001	0.487	0.505
0.001	0.001	0.001	0.997
0.038	0.960	0.001	0.001
0.001	0.001	0.960	0.038
0.014	0.607	0.075	0.304
0.038	0.923	0.038	0.001
0.077	0.113	0.809	0.001
0.077	0.438	0.478	0.007
0.006	0.001	0.001	0.992
>TMGTGACGGT	23-TMGTGACGGT	11.085689	-84.963839	0	T:74.0(0.18%),B:10.9(0.03%),P:1e-36	Tpos:529.6,Tstd:361.3,Bpos:253.4,Bstd:171.2,StrandBias:-0.7,Multiplicity:1.00
0.001	0.001	0.001	0.997
0.455	0.543	0.001	0.001
0.001	0.167	0.808	0.024
0.023	0.001	0.001	0.975
0.190	0.057	0.752	0.001
0.585	0.001	0.285	0.129
0.001	0.816	0.001	0.182
0.001	0.001	0.997	0.001
0.001	0.001	0.966	0.032
0.004	0.129	0.001	0.866
>AGTGTCACGG	24-AGTGTCACGG	12.196005	-80.733045	0	T:58.0(0.14%),B:6.1(0.02%),P:1e-35	Tpos:559.0,Tstd:489.8,Bpos:323.6,Bstd:194.7,StrandBias:0.7,Multiplicity:1.00
0.997	0.001	0.001	0.001
0.001	0.001	0.804	0.194
0.001	0.001	0.001	0.997
0.001	0.001	0.997	0.001
0.001	0.001	0.001	0.997
0.001	0.997	0.001	0.001
0.997	0.001	0.001	0.001
0.001	0.997	0.001	0.001
0.001	0.001	0.997	0.001
0.001	0.001	0.997	0.001
>GCGCACCCAT	25-GCGCACCCAT	9.007588	-36.496725	0	T:39.0(0.09%),B:7.2(0.02%),P:1e-15	Tpos:738.3,Tstd:423.4,Bpos:432.7,Bstd:117.8,StrandBias:0.1,Multiplicity:1.00
0.001	0.001	0.997	0.001
0.001	0.997	0.001	0.001
0.001	0.001	0.997	0.001
0.001	0.997	0.001	0.001
0.997	0.001	0.001	0.001
0.008	0.990	0.001	0.001
0.001	0.997	0.001	0.001
0.001	0.997	0.001	0.001
0.997	0.001	0.001	0.001
0.001	0.001	0.001	0.997
