>CACTAGAKGG	1-CACTAGAKGG	8.185334	-2264.721880	0	T:6691.0(16.26%),B:2634.5(6.62%),P:1e-983	Tpos:370.2,Tstd:353.3,Bpos:369.8,Bstd:213.4,StrandBias:-0.0,Multiplicity:1.06
0.014	0.959	0.010	0.017
0.836	0.022	0.119	0.023
0.012	0.846	0.135	0.007
0.082	0.268	0.062	0.588
0.943	0.019	0.009	0.029
0.009	0.001	0.989	0.001
0.560	0.042	0.397	0.001
0.003	0.034	0.455	0.508
0.008	0.066	0.888	0.038
0.032	0.008	0.884	0.076
>GGCAAAGTTC	2-GGCAAAGTTC	6.206575	-591.338058	0	T:16446.0(39.97%),B:12714.6(31.95%),P:1e-256	Tpos:503.2,Tstd:413.3,Bpos:369.7,Bstd:221.7,StrandBias:0.1,Multiplicity:1.39
0.319	0.083	0.513	0.085
0.119	0.190	0.496	0.195
0.007	0.743	0.075	0.175
0.591	0.116	0.220	0.073
0.784	0.001	0.204	0.011
0.937	0.001	0.061	0.001
0.015	0.086	0.898	0.001
0.040	0.105	0.286	0.569
0.079	0.210	0.163	0.548
0.057	0.830	0.003	0.110
>WADYTGSCAG	3-WADYTGSCAG	5.251503	-511.289002	0	T:14187.0(34.48%),B:10872.7(27.32%),P:1e-222	Tpos:471.2,Tstd:387.3,Bpos:375.1,Bstd:217.5,StrandBias:0.0,Multiplicity:1.32
0.298	0.181	0.178	0.344
0.472	0.029	0.275	0.225
0.333	0.117	0.285	0.265
0.154	0.429	0.094	0.323
0.166	0.245	0.190	0.398
0.246	0.265	0.470	0.019
0.035	0.353	0.437	0.175
0.040	0.665	0.261	0.034
0.558	0.036	0.037	0.369
0.038	0.034	0.889	0.039
>CMRACCAAAC	4-CMRACCAAAC	6.465972	-486.857643	0	T:14159.0(34.41%),B:10913.8(27.42%),P:1e-211	Tpos:470.5,Tstd:392.3,Bpos:371.9,Bstd:223.3,StrandBias:0.1,Multiplicity:1.31
0.123	0.743	0.001	0.133
0.440	0.325	0.030	0.205
0.449	0.072	0.451	0.029
0.566	0.001	0.374	0.059
0.250	0.430	0.275	0.046
0.047	0.783	0.001	0.169
0.732	0.014	0.007	0.247
0.997	0.001	0.001	0.001
0.849	0.001	0.149	0.001
0.001	0.904	0.001	0.094
>SCGGVGYTAA	5-SCGGVGYTAA	5.096841	-466.527671	0	T:6994.0(17.00%),B:4728.5(11.88%),P:1e-202	Tpos:575.4,Tstd:442.4,Bpos:372.9,Bstd:243.8,StrandBias:-0.1,Multiplicity:1.23
0.109	0.474	0.327	0.090
0.114	0.591	0.173	0.122
0.167	0.149	0.571	0.113
0.019	0.158	0.806	0.017
0.285	0.351	0.229	0.135
0.076	0.199	0.481	0.243
0.169	0.282	0.170	0.379
0.238	0.040	0.074	0.648
0.576	0.075	0.057	0.292
0.481	0.204	0.142	0.173
>GATTGCGCAA	6-GATTGCGCAA	4.706585	-453.766756	0	T:17883.0(43.47%),B:14436.7(36.27%),P:1e-197	Tpos:486.0,Tstd:392.1,Bpos:370.4,Bstd:223.9,StrandBias:-0.0,Multiplicity:1.43
0.118	0.097	0.687	0.098
0.636	0.116	0.125	0.123
0.093	0.109	0.092	0.706
0.088	0.094	0.089	0.729
0.122	0.093	0.701	0.084
0.093	0.697	0.112	0.098
0.111	0.109	0.695	0.085
0.109	0.696	0.090	0.105
0.715	0.112	0.087	0.086
0.738	0.090	0.101	0.071
>CGCGCGATTT	7-CGCGCGATTT	5.453510	-429.116258	0	T:2920.0(7.10%),B:1587.7(3.99%),P:1e-186	Tpos:682.8,Tstd:453.6,Bpos:375.5,Bstd:260.2,StrandBias:-0.1,Multiplicity:1.18
0.195	0.503	0.192	0.110
0.106	0.137	0.618	0.139
0.117	0.616	0.167	0.100
0.081	0.170	0.605	0.144
0.221	0.580	0.098	0.101
0.145	0.106	0.617	0.132
0.505	0.182	0.162	0.151
0.101	0.125	0.212	0.562
0.104	0.176	0.108	0.612
0.153	0.224	0.189	0.435
>TAAACGGCTG	8-TAAACGGCTG	6.092399	-361.615673	0	T:11075.0(26.92%),B:8502.0(21.36%),P:1e-157	Tpos:480.8,Tstd:395.7,Bpos:372.9,Bstd:221.5,StrandBias:0.0,Multiplicity:1.20
0.019	0.103	0.098	0.780
0.713	0.091	0.091	0.105
0.872	0.126	0.001	0.001
0.731	0.058	0.025	0.186
0.016	0.759	0.068	0.157
0.100	0.129	0.643	0.128
0.117	0.035	0.740	0.108
0.001	0.902	0.014	0.083
0.001	0.048	0.005	0.946
0.001	0.042	0.913	0.044
>GCTCGCTCGC	9-GCTCGCTCGC	5.855679	-340.446576	0	T:4696.0(11.41%),B:3093.4(7.77%),P:1e-147	Tpos:650.5,Tstd:438.5,Bpos:375.3,Bstd:261.3,StrandBias:0.1,Multiplicity:1.34
0.151	0.137	0.572	0.140
0.137	0.581	0.123	0.159
0.125	0.146	0.121	0.608
0.118	0.611	0.136	0.135
0.131	0.130	0.598	0.141
0.123	0.598	0.141	0.138
0.123	0.137	0.117	0.623
0.116	0.617	0.128	0.139
0.120	0.151	0.602	0.127
0.137	0.591	0.144	0.128
>CCGGCCGGAA	10-CCGGCCGGAA	7.554630	-329.017388	0	T:4601.0(11.18%),B:3038.6(7.63%),P:1e-142	Tpos:652.4,Tstd:428.6,Bpos:366.2,Bstd:258.3,StrandBias:-0.1,Multiplicity:1.36
0.018	0.763	0.116	0.103
0.011	0.657	0.159	0.173
0.059	0.137	0.772	0.032
0.046	0.001	0.929	0.024
0.038	0.712	0.084	0.166
0.021	0.567	0.169	0.243
0.113	0.073	0.749	0.065
0.219	0.045	0.723	0.013
0.676	0.055	0.238	0.031
0.648	0.195	0.146	0.011
>AGCGAAGCGG	11-AGCGAAGCGG	6.528112	-320.985596	0	T:5842.0(14.20%),B:4076.4(10.24%),P:1e-139	Tpos:637.0,Tstd:432.9,Bpos:375.6,Bstd:260.8,StrandBias:-0.1,Multiplicity:1.42
0.692	0.092	0.103	0.113
0.088	0.108	0.716	0.088
0.098	0.705	0.104	0.093
0.096	0.097	0.707	0.100
0.681	0.108	0.114	0.097
0.693	0.105	0.126	0.076
0.095	0.113	0.684	0.108
0.092	0.738	0.081	0.089
0.092	0.101	0.706	0.101
0.122	0.108	0.675	0.095
>AATCATTAAC	12-AATCATTAAC	8.622440	-285.514228	0	T:1931.0(4.69%),B:1043.9(2.62%),P:1e-123	Tpos:443.2,Tstd:373.1,Bpos:359.9,Bstd:222.7,StrandBias:0.1,Multiplicity:1.05
0.968	0.001	0.030	0.001
0.957	0.041	0.001	0.001
0.069	0.028	0.001	0.902
0.112	0.486	0.299	0.103
0.990	0.008	0.001	0.001
0.019	0.008	0.029	0.944
0.001	0.001	0.001	0.997
0.939	0.020	0.021	0.020
0.959	0.014	0.026	0.001
0.039	0.959	0.001	0.001
>GCGCCGAGTA	13-GCGCCGAGTA	-0.178872	-234.688933	0	T:5297.0(12.87%),B:3824.5(9.61%),P:1e-101	Tpos:566.6,Tstd:424.4,Bpos:375.3,Bstd:240.0,StrandBias:0.1,Multiplicity:1.17
0.001	0.126	0.821	0.052
0.001	0.928	0.001	0.070
0.001	0.001	0.997	0.001
0.001	0.997	0.001	0.001
0.001	0.997	0.001	0.001
0.001	0.001	0.993	0.005
0.997	0.001	0.001	0.001
0.005	0.001	0.993	0.001
0.001	0.001	0.001	0.997
0.997	0.001	0.001	0.001
>TCTCGAGTCG	14-TCTCGAGTCG	-0.318132	-220.202288	0	T:5521.0(13.42%),B:4053.2(10.18%),P:1e-95	Tpos:587.9,Tstd:429.3,Bpos:381.2,Bstd:241.6,StrandBias:-0.2,Multiplicity:1.22
0.001	0.001	0.001	0.997
0.001	0.947	0.051	0.001
0.122	0.001	0.001	0.876
0.001	0.997	0.001	0.001
0.001	0.001	0.997	0.001
0.849	0.001	0.001	0.149
0.001	0.001	0.997	0.001
0.032	0.001	0.001	0.966
0.001	0.997	0.001	0.001
0.001	0.001	0.997	0.001
>MTTHGTTCCG	15-MTTHGTTCCG	8.792102	-181.598557	0	T:1128.0(2.74%),B:591.1(1.49%),P:1e-78	Tpos:550.1,Tstd:434.8,Bpos:375.2,Bstd:221.6,StrandBias:-0.3,Multiplicity:1.02
0.487	0.511	0.001	0.001
0.176	0.089	0.001	0.734
0.016	0.001	0.001	0.982
0.263	0.278	0.074	0.384
0.001	0.091	0.907	0.001
0.020	0.083	0.001	0.896
0.001	0.001	0.001	0.997
0.001	0.997	0.001	0.001
0.111	0.741	0.147	0.001
0.259	0.001	0.739	0.001
>CCGCGTTCCG	16-CCGCGTTCCG	6.404373	-179.460543	0	T:9976.0(24.25%),B:8135.8(20.44%),P:1e-77	Tpos:638.6,Tstd:426.5,Bpos:372.9,Bstd:260.3,StrandBias:0.1,Multiplicity:2.18
0.100	0.700	0.100	0.100
0.100	0.700	0.100	0.100
0.100	0.100	0.700	0.100
0.100	0.700	0.100	0.100
0.100	0.100	0.700	0.100
0.100	0.100	0.100	0.700
0.100	0.100	0.100	0.700
0.100	0.700	0.100	0.100
0.100	0.700	0.100	0.100
0.100	0.100	0.700	0.100
>ATCGTTCYCG	17-ATCGTTCYCG	5.937614	-160.819189	0	T:8712.0(21.18%),B:7067.0(17.76%),P:1e-69	Tpos:528.7,Tstd:399.2,Bpos:374.7,Bstd:224.1,StrandBias:0.0,Multiplicity:1.19
0.875	0.033	0.033	0.059
0.063	0.012	0.318	0.607
0.057	0.722	0.220	0.001
0.115	0.074	0.631	0.180
0.093	0.001	0.006	0.900
0.012	0.001	0.364	0.623
0.124	0.802	0.044	0.030
0.102	0.418	0.201	0.279
0.052	0.670	0.276	0.002
0.062	0.020	0.917	0.001
>TGTCGCTCCG	18-TGTCGCTCCG	4.398142	-159.078190	0	T:1399.0(3.40%),B:817.7(2.05%),P:1e-69	Tpos:589.7,Tstd:437.7,Bpos:361.6,Bstd:241.3,StrandBias:-0.1,Multiplicity:1.04
0.001	0.001	0.001	0.997
0.001	0.001	0.997	0.001
0.001	0.001	0.001	0.997
0.001	0.887	0.001	0.111
0.001	0.001	0.997	0.001
0.001	0.679	0.001	0.319
0.099	0.001	0.001	0.899
0.001	0.997	0.001	0.001
0.001	0.899	0.099	0.001
0.001	0.001	0.997	0.001
>GTTTACTAGC	19-GTTTACTAGC	6.404373	-157.039682	0	T:10333.0(25.12%),B:8557.8(21.50%),P:1e-68	Tpos:463.4,Tstd:401.7,Bpos:370.6,Bstd:223.8,StrandBias:-0.0,Multiplicity:1.21
0.100	0.100	0.700	0.100
0.100	0.100	0.100	0.700
0.100	0.100	0.100	0.700
0.100	0.100	0.100	0.700
0.700	0.100	0.100	0.100
0.100	0.700	0.100	0.100
0.100	0.100	0.100	0.700
0.700	0.100	0.100	0.100
0.100	0.100	0.700	0.100
0.100	0.700	0.100	0.100
>CGCACGCCTA	20-CGCACGCCTA	-2.266234	-128.156017	0	T:12242.0(29.76%),B:10461.3(26.29%),P:1e-55	Tpos:574.3,Tstd:425.4,Bpos:373.9,Bstd:239.9,StrandBias:0.1,Multiplicity:1.47
0.001	0.997	0.001	0.001
0.001	0.001	0.997	0.001
0.001	0.997	0.001	0.001
0.997	0.001	0.001	0.001
0.001	0.997	0.001	0.001
0.001	0.001	0.997	0.001
0.001	0.997	0.001	0.001
0.001	0.897	0.001	0.101
0.001	0.001	0.001	0.997
0.997	0.001	0.001	0.001
>GTAATCGTGT	21-GTAATCGTGT	12.584139	-89.855720	0	T:62.0(0.15%),B:6.4(0.02%),P:1e-39	Tpos:574.8,Tstd:337.3,Bpos:317.5,Bstd:158.6,StrandBias:0.6,Multiplicity:1.00
0.001	0.001	0.997	0.001
0.001	0.001	0.001	0.997
0.997	0.001	0.001	0.001
0.712	0.001	0.001	0.286
0.001	0.001	0.001	0.997
0.001	0.997	0.001	0.001
0.001	0.001	0.997	0.001
0.001	0.001	0.001	0.997
0.001	0.001	0.997	0.001
0.001	0.001	0.001	0.997
>TKTCGCCGST	22-TKTCGCCGST	11.258263	-86.399762	0	T:81.0(0.20%),B:12.1(0.03%),P:1e-37	Tpos:503.3,Tstd:332.3,Bpos:401.3,Bstd:121.5,StrandBias:0.3,Multiplicity:1.00
0.152	0.001	0.038	0.809
0.007	0.001	0.487	0.505
0.001	0.001	0.001	0.997
0.038	0.960	0.001	0.001
0.001	0.001	0.960	0.038
0.014	0.607	0.075	0.304
0.038	0.923	0.038	0.001
0.077	0.113	0.809	0.001
0.077	0.438	0.478	0.007
0.006	0.001	0.001	0.992
>TMGTGACGGT	23-TMGTGACGGT	11.085689	-84.963839	0	T:74.0(0.18%),B:10.9(0.03%),P:1e-36	Tpos:529.6,Tstd:361.3,Bpos:253.4,Bstd:171.2,StrandBias:-0.7,Multiplicity:1.00
0.001	0.001	0.001	0.997
0.455	0.543	0.001	0.001
0.001	0.167	0.808	0.024
0.023	0.001	0.001	0.975
0.190	0.057	0.752	0.001
0.585	0.001	0.285	0.129
0.001	0.816	0.001	0.182
0.001	0.001	0.997	0.001
0.001	0.001	0.966	0.032
0.004	0.129	0.001	0.866
>AGTGTCACGG	24-AGTGTCACGG	12.196005	-80.733045	0	T:58.0(0.14%),B:6.1(0.02%),P:1e-35	Tpos:559.0,Tstd:489.8,Bpos:323.6,Bstd:194.7,StrandBias:0.7,Multiplicity:1.00
0.997	0.001	0.001	0.001
0.001	0.001	0.804	0.194
0.001	0.001	0.001	0.997
0.001	0.001	0.997	0.001
0.001	0.001	0.001	0.997
0.001	0.997	0.001	0.001
0.997	0.001	0.001	0.001
0.001	0.997	0.001	0.001
0.001	0.001	0.997	0.001
0.001	0.001	0.997	0.001
>GCGCACCCAT	25-GCGCACCCAT	9.007588	-36.496725	0	T:39.0(0.09%),B:7.2(0.02%),P:1e-15	Tpos:738.3,Tstd:423.4,Bpos:432.7,Bstd:117.8,StrandBias:0.1,Multiplicity:1.00
0.001	0.001	0.997	0.001
0.001	0.997	0.001	0.001
0.001	0.001	0.997	0.001
0.001	0.997	0.001	0.001
0.997	0.001	0.001	0.001
0.008	0.990	0.001	0.001
0.001	0.997	0.001	0.001
0.001	0.997	0.001	0.001
0.997	0.001	0.001	0.001
0.001	0.001	0.001	0.997
>CCACTAGRKGGC	1-CCACTAGRKGGC	9.361218	-3852.514577	0	T:5704.0(13.86%),B:1386.2(3.48%),P:1e-1673	Tpos:321.1,Tstd:311.7,Bpos:374.0,Bstd:213.2,StrandBias:-0.1,Multiplicity:1.03
0.120	0.782	0.056	0.042
0.007	0.989	0.001	0.003
0.871	0.036	0.070	0.023
0.010	0.787	0.185	0.018
0.185	0.301	0.043	0.471
0.885	0.001	0.021	0.093
0.001	0.001	0.997	0.001
0.490	0.007	0.502	0.001
0.006	0.001	0.507	0.486
0.007	0.001	0.991	0.001
0.034	0.013	0.868	0.085
0.118	0.728	0.036	0.118
>GTAGCGCCCTCT	2-GTAGCGCCCTCT	7.495633	-539.625241	0	T:6302.0(15.32%),B:4030.1(10.13%),P:1e-234	Tpos:517.7,Tstd:400.5,Bpos:370.1,Bstd:227.5,StrandBias:0.0,Multiplicity:1.14
0.128	0.127	0.691	0.054
0.051	0.121	0.137	0.691
0.732	0.091	0.127	0.050
0.021	0.043	0.929	0.007
0.118	0.724	0.076	0.082
0.080	0.066	0.732	0.122
0.046	0.873	0.045	0.036
0.040	0.930	0.017	0.013
0.011	0.959	0.011	0.019
0.015	0.072	0.043	0.870
0.002	0.938	0.047	0.013
0.009	0.045	0.015	0.931
>TGAACTTTGSCC	3-TGAACTTTGSCC	7.597705	-530.131885	0	T:7511.0(18.26%),B:5032.5(12.64%),P:1e-230	Tpos:471.2,Tstd:386.9,Bpos:369.7,Bstd:216.2,StrandBias:-0.1,Multiplicity:1.16
0.126	0.003	0.110	0.761
0.065	0.029	0.756	0.150
0.550	0.066	0.320	0.064
0.633	0.267	0.052	0.048
0.099	0.816	0.037	0.048
0.037	0.101	0.001	0.861
0.006	0.115	0.035	0.844
0.001	0.001	0.008	0.990
0.069	0.035	0.797	0.099
0.173	0.258	0.394	0.175
0.139	0.617	0.038	0.206
0.156	0.612	0.004	0.228
>CTGGCAGCTAGC	4-CTGGCAGCTAGC	6.758466	-435.805854	0	T:14432.0(35.08%),B:11306.4(28.41%),P:1e-189	Tpos:503.9,Tstd:395.8,Bpos:375.2,Bstd:221.3,StrandBias:-0.0,Multiplicity:1.47
0.062	0.795	0.065	0.078
0.088	0.071	0.059	0.782
0.054	0.053	0.825	0.068
0.064	0.118	0.753	0.065
0.086	0.774	0.100	0.040
0.764	0.062	0.061	0.113
0.059	0.091	0.788	0.062
0.067	0.756	0.082	0.095
0.125	0.144	0.106	0.625
0.662	0.094	0.130	0.114
0.074	0.090	0.753	0.083
0.088	0.724	0.110	0.078
>NNAAACRAGCCG	5-NNAAACRAGCCG	4.743943	-421.720454	0	T:13824.0(33.60%),B:10795.8(27.13%),P:1e-183	Tpos:522.3,Tstd:410.7,Bpos:372.5,Bstd:233.2,StrandBias:0.0,Multiplicity:1.31
0.189	0.310	0.288	0.213
0.170	0.311	0.232	0.288
0.549	0.144	0.100	0.207
0.610	0.095	0.133	0.162
0.526	0.176	0.103	0.195
0.060	0.731	0.086	0.123
0.380	0.120	0.330	0.171
0.555	0.278	0.079	0.088
0.168	0.167	0.494	0.171
0.117	0.571	0.117	0.195
0.178	0.514	0.145	0.163
0.154	0.135	0.599	0.112
>CTCCCCGCCCGC	6-CTCCCCGCCCGC	9.424598	-414.101390	0	T:5177.0(12.58%),B:3345.9(8.41%),P:1e-179	Tpos:673.3,Tstd:431.4,Bpos:369.2,Bstd:258.2,StrandBias:0.2,Multiplicity:1.56
0.001	0.881	0.040	0.078
0.042	0.045	0.115	0.798
0.001	0.923	0.006	0.070
0.075	0.689	0.121	0.115
0.013	0.865	0.023	0.099
0.086	0.861	0.040	0.013
0.071	0.154	0.729	0.046
0.019	0.905	0.075	0.001
0.001	0.871	0.070	0.058
0.001	0.928	0.042	0.029
0.045	0.188	0.677	0.090
0.015	0.873	0.081	0.031
>GTCGGATTAGNG	7-GTCGGATTAGNG	5.057136	-368.608837	0	T:11154.0(27.11%),B:8551.9(21.49%),P:1e-160	Tpos:564.5,Tstd:429.8,Bpos:371.5,Bstd:237.2,StrandBias:-0.1,Multiplicity:1.37
0.153	0.144	0.455	0.247
0.115	0.234	0.223	0.429
0.052	0.881	0.013	0.054
0.005	0.251	0.684	0.060
0.118	0.046	0.734	0.102
0.770	0.029	0.128	0.073
0.144	0.171	0.026	0.659
0.137	0.052	0.050	0.761
0.623	0.164	0.150	0.063
0.132	0.049	0.671	0.148
0.253	0.191	0.296	0.259
0.184	0.167	0.527	0.122
>GTTAATGATTAA	8-GTTAATGATTAA	9.431244	-360.593829	0	T:1230.0(2.99%),B:502.6(1.26%),P:1e-156	Tpos:432.7,Tstd:327.3,Bpos:365.2,Bstd:224.6,StrandBias:-0.1,Multiplicity:1.04
0.081	0.049	0.761	0.109
0.036	0.057	0.038	0.869
0.110	0.042	0.058	0.790
0.925	0.023	0.025	0.027
0.881	0.053	0.017	0.049
0.060	0.011	0.024	0.905
0.114	0.182	0.564	0.140
0.812	0.030	0.069	0.089
0.055	0.019	0.062	0.864
0.020	0.035	0.021	0.924
0.842	0.053	0.044	0.061
0.865	0.046	0.052	0.037
>NSGGAAACCGNV	9-NSGGAAACCGNV	5.338039	-332.730593	0	T:5518.0(13.41%),B:3781.7(9.50%),P:1e-144	Tpos:619.3,Tstd:442.4,Bpos:373.0,Bstd:252.6,StrandBias:0.1,Multiplicity:1.28
0.224	0.306	0.248	0.222
0.166	0.424	0.288	0.122
0.085	0.185	0.663	0.067
0.138	0.134	0.486	0.241
0.525	0.109	0.075	0.291
0.538	0.174	0.100	0.188
0.573	0.113	0.169	0.145
0.254	0.411	0.161	0.174
0.031	0.754	0.132	0.083
0.087	0.106	0.744	0.063
0.280	0.277	0.271	0.172
0.306	0.269	0.274	0.152
>GTTACGCAACCC	10-GTTACGCAACCC	5.719225	-293.075917	0	T:9634.0(23.42%),B:7426.9(18.66%),P:1e-127	Tpos:534.5,Tstd:428.3,Bpos:370.6,Bstd:224.6,StrandBias:0.0,Multiplicity:1.21
0.105	0.121	0.667	0.107
0.096	0.121	0.100	0.683
0.095	0.144	0.129	0.632
0.604	0.151	0.121	0.124
0.156	0.581	0.132	0.131
0.143	0.161	0.556	0.140
0.108	0.708	0.105	0.079
0.738	0.116	0.069	0.077
0.670	0.099	0.140	0.091
0.104	0.688	0.118	0.090
0.100	0.745	0.056	0.099
0.101	0.732	0.059	0.108
>CCAAACCAAACA	11-CCAAACCAAACA	8.639487	-287.253526	0	T:3857.0(9.37%),B:2518.7(6.33%),P:1e-124	Tpos:447.1,Tstd:385.4,Bpos:367.5,Bstd:222.9,StrandBias:0.1,Multiplicity:1.08
0.124	0.584	0.124	0.168
0.147	0.830	0.001	0.022
0.865	0.020	0.001	0.114
0.815	0.013	0.171	0.001
0.700	0.122	0.167	0.011
0.195	0.511	0.175	0.119
0.151	0.731	0.001	0.117
0.932	0.001	0.001	0.066
0.843	0.001	0.155	0.001
0.668	0.094	0.130	0.108
0.017	0.872	0.100	0.011
0.729	0.118	0.001	0.152
>GCGCGAACAGAG	12-GCGCGAACAGAG	3.313755	-283.798303	0	T:8334.0(20.26%),B:6308.7(15.85%),P:1e-123	Tpos:567.7,Tstd:418.1,Bpos:372.4,Bstd:234.4,StrandBias:0.1,Multiplicity:1.24
0.019	0.001	0.961	0.019
0.054	0.891	0.054	0.001
0.001	0.303	0.642	0.054
0.062	0.936	0.001	0.001
0.018	0.001	0.980	0.001
0.886	0.008	0.003	0.103
0.869	0.056	0.020	0.055
0.019	0.961	0.019	0.001
0.980	0.018	0.001	0.001
0.054	0.019	0.926	0.001
0.926	0.054	0.001	0.019
0.001	0.018	0.980	0.001
>ATTCGCCCAGCC	13-ATTCGCCCAGCC	8.535475	-261.795108	0	T:2699.0(6.56%),B:1650.0(4.15%),P:1e-113	Tpos:544.4,Tstd:400.1,Bpos:384.4,Bstd:226.6,StrandBias:0.1,Multiplicity:1.06
0.803	0.071	0.036	0.090
0.049	0.067	0.064	0.820
0.015	0.123	0.071	0.791
0.084	0.696	0.082	0.138
0.144	0.112	0.638	0.106
0.029	0.899	0.054	0.018
0.046	0.859	0.008	0.087
0.039	0.921	0.027	0.013
0.818	0.056	0.032	0.094
0.008	0.045	0.929	0.018
0.017	0.903	0.042	0.038
0.010	0.925	0.045	0.020
>TTGGCAAGCAGT	14-TTGGCAAGCAGT	7.092892	-240.277720	0	T:8200.0(19.93%),B:6323.9(15.89%),P:1e-104	Tpos:462.6,Tstd:388.9,Bpos:371.2,Bstd:216.8,StrandBias:0.0,Multiplicity:1.13
0.060	0.090	0.091	0.759
0.090	0.044	0.086	0.780
0.099	0.038	0.767	0.096
0.093	0.099	0.717	0.091
0.128	0.700	0.094	0.078
0.781	0.125	0.039	0.055
0.759	0.043	0.106	0.092
0.102	0.060	0.755	0.083
0.082	0.757	0.096	0.065
0.805	0.041	0.052	0.102
0.074	0.094	0.731	0.101
0.106	0.092	0.113	0.689
>ACTACAAHTCCC	15-ACTACAAHTCCC	10.538357	-221.265835	0	T:404.0(0.98%),B:112.1(0.28%),P:1e-96	Tpos:705.7,Tstd:399.7,Bpos:400.2,Bstd:239.7,StrandBias:-0.3,Multiplicity:1.14
0.871	0.045	0.042	0.042
0.198	0.678	0.046	0.078
0.189	0.071	0.025	0.715
0.612	0.052	0.137	0.199
0.066	0.821	0.063	0.050
0.788	0.058	0.030	0.124
0.422	0.194	0.158	0.226
0.292	0.300	0.079	0.330
0.177	0.139	0.024	0.660
0.046	0.845	0.065	0.044
0.066	0.850	0.021	0.063
0.047	0.771	0.025	0.157
>TTCCGATCGGGT	16-TTCCGATCGGGT	6.517702	-196.205731	0	T:6942.0(16.87%),B:5359.0(13.46%),P:1e-85	Tpos:567.8,Tstd:445.8,Bpos:372.6,Bstd:233.9,StrandBias:-0.1,Multiplicity:1.18
0.100	0.100	0.100	0.700
0.100	0.100	0.100	0.700
0.100	0.700	0.100	0.100
0.100	0.700	0.100	0.100
0.100	0.100	0.700	0.100
0.700	0.100	0.100	0.100
0.100	0.100	0.100	0.700
0.100	0.700	0.100	0.100
0.100	0.100	0.700	0.100
0.100	0.100	0.700	0.100
0.100	0.100	0.700	0.100
0.100	0.100	0.100	0.700
>VGGCGGCCGAAG	17-VGGCGGCCGAAG	13.693037	-170.127025	0	T:75.0(0.18%),B:3.8(0.01%),P:1e-73	Tpos:534.3,Tstd:401.3,Bpos:260.0,Bstd:0.0,StrandBias:0.1,Multiplicity:1.00
0.367	0.357	0.275	0.001
0.163	0.001	0.673	0.163
0.001	0.001	0.997	0.001
0.001	0.997	0.001	0.001
0.001	0.001	0.997	0.001
0.001	0.001	0.997	0.001
0.001	0.997	0.001	0.001
0.001	0.997	0.001	0.001
0.034	0.001	0.606	0.359
0.997	0.001	0.001	0.001
0.997	0.001	0.001	0.001
0.371	0.001	0.627	0.001
>GACGCCTAGTCA	18-GACGCCTAGTCA	12.088145	-155.680104	0	T:52.0(0.13%),B:1.3(0.00%),P:1e-67	Tpos:570.4,Tstd:449.6,Bpos:486.1,Bstd:4.0,StrandBias:0.0,Multiplicity:1.00
0.032	0.001	0.966	0.001
0.903	0.001	0.095	0.001
0.008	0.917	0.001	0.074
0.046	0.096	0.825	0.033
0.033	0.933	0.001	0.033
0.001	0.966	0.001	0.032
0.033	0.180	0.001	0.786
0.933	0.001	0.001	0.065
0.001	0.001	0.903	0.095
0.033	0.033	0.033	0.901
0.001	0.966	0.032	0.001
0.933	0.001	0.033	0.033
>ASCYCCACTCGG	19-ASCYCCACTCGG	13.057913	-138.047986	0	T:71.0(0.17%),B:4.8(0.01%),P:1e-59	Tpos:332.4,Tstd:254.5,Bpos:504.5,Bstd:106.3,StrandBias:-0.4,Multiplicity:1.00
0.997	0.001	0.001	0.001
0.001	0.565	0.433	0.001
0.109	0.889	0.001	0.001
0.001	0.558	0.001	0.440
0.001	0.886	0.001	0.112
0.001	0.889	0.001	0.109
0.889	0.001	0.109	0.001
0.113	0.661	0.110	0.116
0.001	0.001	0.001	0.997
0.001	0.997	0.001	0.001
0.001	0.001	0.997	0.001
0.001	0.001	0.780	0.218
>TAACTCAGATCG	20-TAACTCAGATCG	11.441083	-117.422004	0	T:51.0(0.12%),B:2.8(0.01%),P:1e-50	Tpos:569.0,Tstd:452.0,Bpos:427.0,Bstd:75.0,StrandBias:0.6,Multiplicity:1.00
0.111	0.086	0.088	0.715
0.765	0.075	0.061	0.099
0.784	0.070	0.092	0.054
0.061	0.802	0.094	0.043
0.073	0.098	0.059	0.770
0.050	0.815	0.085	0.050
0.869	0.042	0.043	0.046
0.069	0.058	0.828	0.045
0.685	0.142	0.091	0.082
0.086	0.081	0.081	0.752
0.121	0.603	0.125	0.151
0.133	0.115	0.612	0.140
>GGCCGCAGCACA	21-GGCCGCAGCACA	13.814849	-112.050762	0	T:56.0(0.14%),B:3.8(0.01%),P:1e-48	Tpos:519.6,Tstd:370.2,Bpos:295.1,Bstd:8.6,StrandBias:2.4,Multiplicity:1.00
0.001	0.001	0.997	0.001
0.001	0.001	0.997	0.001
0.112	0.722	0.001	0.165
0.001	0.997	0.001	0.001
0.001	0.001	0.997	0.001
0.001	0.756	0.001	0.242
0.647	0.351	0.001	0.001
0.001	0.001	0.997	0.001
0.001	0.756	0.001	0.242
0.997	0.001	0.001	0.001
0.001	0.997	0.001	0.001
0.997	0.001	0.001	0.001
>CTGGGAAGTGTG	22-CTGGGAAGTGTG	-4.114775	-110.055255	0	T:8004.0(19.45%),B:6652.5(16.72%),P:1e-47	Tpos:527.3,Tstd:420.5,Bpos:368.9,Bstd:219.2,StrandBias:-0.2,Multiplicity:1.17
0.001	0.997	0.001	0.001
0.001	0.001	0.001	0.997
0.001	0.006	0.992	0.001
0.001	0.001	0.997	0.001
0.001	0.001	0.997	0.001
0.997	0.001	0.001	0.001
0.997	0.001	0.001	0.001
0.001	0.001	0.997	0.001
0.001	0.001	0.001	0.997
0.001	0.001	0.997	0.001
0.001	0.006	0.001	0.992
0.001	0.001	0.997	0.001
>TACTTTACGGCG	23-TACTTTACGGCG	12.758987	-102.730140	0	T:38.0(0.09%),B:0.0(0.00%),P:1e-44	Tpos:518.7,Tstd:260.8,Bpos:0.0,Bstd:0.0,StrandBias:0.0,Multiplicity:1.00
0.001	0.163	0.001	0.835
0.997	0.001	0.001	0.001
0.001	0.942	0.001	0.056
0.001	0.001	0.001	0.997
0.056	0.001	0.001	0.942
0.001	0.001	0.001	0.997
0.942	0.001	0.056	0.001
0.056	0.942	0.001	0.001
0.163	0.001	0.835	0.001
0.001	0.056	0.942	0.001
0.056	0.942	0.001	0.001
0.057	0.057	0.722	0.164
>GGCAAATATTTA	24-GGCAAATATTTA	11.256928	-100.576760	0	T:52.0(0.13%),B:3.8(0.01%),P:1e-43	Tpos:510.6,Tstd:376.0,Bpos:274.2,Bstd:226.7,StrandBias:0.2,Multiplicity:1.00
0.001	0.001	0.997	0.001
0.001	0.001	0.997	0.001
0.001	0.997	0.001	0.001
0.997	0.001	0.001	0.001
0.997	0.001	0.001	0.001
0.997	0.001	0.001	0.001
0.001	0.001	0.001	0.997
0.997	0.001	0.001	0.001
0.005	0.001	0.001	0.993
0.001	0.001	0.001	0.997
0.001	0.001	0.047	0.951
0.997	0.001	0.001	0.001
>CCTAGWAAAGAA	25-CCTAGWAAAGAA	14.238574	-76.272894	0	T:56.0(0.14%),B:6.4(0.02%),P:1e-33	Tpos:680.1,Tstd:507.6,Bpos:513.9,Bstd:114.4,StrandBias:-0.1,Multiplicity:1.00
0.001	0.997	0.001	0.001
0.001	0.997	0.001	0.001
0.001	0.001	0.001	0.997
0.997	0.001	0.001	0.001
0.001	0.001	0.997	0.001
0.487	0.001	0.001	0.511
0.756	0.242	0.001	0.001
0.997	0.001	0.001	0.001
0.756	0.001	0.001	0.242
0.001	0.001	0.997	0.001
0.997	0.001	0.001	0.001
0.997	0.001	0.001	0.001
>CGCCCTCT	1-CGCCCTCT	6.349069	-1339.979419	0	T:13739.0(33.39%),B:8861.5(22.27%),P:1e-581	Tpos:520.8,Tstd:425.3,Bpos:369.2,Bstd:229.9,StrandBias:0.1,Multiplicity:1.36
0.001	0.744	0.001	0.254
0.001	0.001	0.997	0.001
0.001	0.997	0.001	0.001
0.001	0.997	0.001	0.001
0.160	0.838	0.001	0.001
0.001	0.218	0.001	0.780
0.001	0.997	0.001	0.001
0.001	0.001	0.001	0.997
>WAWCSCGC	2-WAWCSCGC	5.803741	-608.391513	0	T:9943.0(24.17%),B:6916.6(17.38%),P:1e-264	Tpos:598.2,Tstd:438.3,Bpos:374.3,Bstd:246.0,StrandBias:-0.0,Multiplicity:1.48
0.460	0.001	0.076	0.463
0.813	0.018	0.001	0.168
0.367	0.001	0.162	0.470
0.030	0.965	0.001	0.004
0.001	0.423	0.365	0.211
0.001	0.760	0.238	0.001
0.001	0.001	0.997	0.001
0.124	0.664	0.211	0.001
>TGMMCTTT	3-TGMMCTTT	7.000067	-545.052546	0	T:13604.0(33.07%),B:10260.3(25.78%),P:1e-236	Tpos:468.6,Tstd:393.8,Bpos:370.9,Bstd:216.6,StrandBias:0.0,Multiplicity:1.24
0.160	0.001	0.001	0.838
0.179	0.001	0.819	0.001
0.455	0.364	0.180	0.001
0.447	0.489	0.063	0.001
0.001	0.997	0.001	0.001
0.001	0.001	0.061	0.937
0.059	0.258	0.001	0.682
0.081	0.001	0.131	0.787
>CGGCCAAA	4-CGGCCAAA	6.042463	-529.376934	0	T:13663.0(33.21%),B:10353.4(26.01%),P:1e-229	Tpos:513.6,Tstd:414.8,Bpos:374.3,Bstd:229.0,StrandBias:0.1,Multiplicity:1.34
0.001	0.538	0.242	0.219
0.039	0.018	0.736	0.207
0.068	0.056	0.875	0.001
0.022	0.877	0.001	0.100
0.001	0.785	0.075	0.139
0.689	0.001	0.245	0.065
0.885	0.001	0.113	0.001
0.690	0.187	0.001	0.122
>TCTAGTGG	5-TCTAGTGG	6.154772	-448.954763	0	T:2274.0(5.53%),B:1110.7(2.79%),P:1e-194	Tpos:395.8,Tstd:369.7,Bpos:366.8,Bstd:218.1,StrandBias:-0.0,Multiplicity:1.02
0.001	0.271	0.001	0.727
0.001	0.997	0.001	0.001
0.001	0.001	0.001	0.997
0.997	0.001	0.001	0.001
0.001	0.001	0.997	0.001
0.001	0.001	0.001	0.997
0.001	0.027	0.971	0.001
0.001	0.001	0.997	0.001
>CGGHGBTA	6-CGGHGBTA	5.564866	-448.572473	0	T:11636.0(28.28%),B:8758.7(22.01%),P:1e-194	Tpos:581.9,Tstd:432.3,Bpos:372.0,Bstd:240.7,StrandBias:-0.0,Multiplicity:1.47
0.001	0.779	0.219	0.001
0.001	0.169	0.829	0.001
0.001	0.001	0.650	0.348
0.390	0.346	0.013	0.251
0.001	0.092	0.906	0.001
0.173	0.335	0.209	0.282
0.225	0.001	0.156	0.618
0.862	0.001	0.001	0.136
>NAGCNARC	7-NAGCNARC	4.743954	-441.363917	0	T:17223.0(41.86%),B:13859.6(34.82%),P:1e-191	Tpos:508.8,Tstd:407.4,Bpos:375.1,Bstd:230.9,StrandBias:0.0,Multiplicity:1.48
0.272	0.229	0.276	0.223
0.512	0.290	0.083	0.115
0.111	0.034	0.810	0.045
0.128	0.690	0.061	0.121
0.299	0.220	0.310	0.172
0.694	0.147	0.109	0.050
0.413	0.126	0.326	0.135
0.083	0.522	0.259	0.136
>GRTCGVWW	8-GRTCGVWW	4.970426	-417.506503	0	T:9023.0(21.93%),B:6553.0(16.46%),P:1e-181	Tpos:567.7,Tstd:451.6,Bpos:372.3,Bstd:235.3,StrandBias:-0.1,Multiplicity:1.32
0.173	0.147	0.589	0.091
0.429	0.135	0.315	0.120
0.201	0.185	0.021	0.593
0.001	0.923	0.001	0.075
0.133	0.001	0.865	0.001
0.347	0.246	0.327	0.080
0.392	0.001	0.167	0.440
0.460	0.035	0.001	0.504
>YTGCCAGY	9-YTGCCAGY	6.643651	-390.934069	0	T:16305.0(39.63%),B:13167.3(33.08%),P:1e-169	Tpos:508.4,Tstd:403.8,Bpos:372.7,Bstd:228.5,StrandBias:0.0,Multiplicity:1.46
0.001	0.501	0.001	0.497
0.178	0.001	0.001	0.820
0.001	0.040	0.820	0.139
0.001	0.780	0.118	0.101
0.030	0.934	0.035	0.001
0.577	0.001	0.421	0.001
0.001	0.001	0.997	0.001
0.071	0.524	0.003	0.402
>GACCCGCC	10-GACCCGCC	7.610997	-373.377166	0	T:5633.0(13.69%),B:3792.2(9.53%),P:1e-162	Tpos:683.6,Tstd:438.3,Bpos:370.3,Bstd:255.3,StrandBias:0.0,Multiplicity:1.64
0.001	0.001	0.960	0.038
0.826	0.154	0.001	0.019
0.001	0.997	0.001	0.001
0.001	0.997	0.001	0.001
0.001	0.997	0.001	0.001
0.001	0.001	0.997	0.001
0.001	0.997	0.001	0.001
0.001	0.997	0.001	0.001
>CGGCTCCC	11-CGGCTCCC	8.642386	-364.518983	0	T:6117.0(14.87%),B:4210.7(10.58%),P:1e-158	Tpos:660.1,Tstd:431.6,Bpos:366.6,Bstd:263.6,StrandBias:0.0,Multiplicity:1.50
0.001	0.997	0.001	0.001
0.001	0.001	0.997	0.001
0.001	0.180	0.818	0.001
0.001	0.997	0.001	0.001
0.001	0.001	0.001	0.997
0.139	0.859	0.001	0.001
0.001	0.997	0.001	0.001
0.001	0.772	0.226	0.001
>TTGCGCAA	12-TTGCGCAA	5.588701	-351.952932	0	T:12330.0(29.97%),B:9655.8(24.26%),P:1e-152	Tpos:461.1,Tstd:379.8,Bpos:365.9,Bstd:222.8,StrandBias:0.0,Multiplicity:1.26
0.011	0.039	0.042	0.908
0.043	0.050	0.150	0.757
0.297	0.022	0.618	0.063
0.001	0.682	0.148	0.169
0.220	0.101	0.661	0.018
0.151	0.686	0.024	0.139
0.801	0.035	0.079	0.085
0.889	0.020	0.090	0.001
>GCTGTTWA	13-GCTGTTWA	5.346149	-342.719932	0	T:15744.0(38.27%),B:12809.8(32.19%),P:1e-148	Tpos:460.0,Tstd:388.8,Bpos:371.5,Bstd:222.2,StrandBias:-0.0,Multiplicity:1.39
0.223	0.116	0.552	0.109
0.001	0.669	0.128	0.202
0.092	0.129	0.297	0.482
0.054	0.150	0.795	0.001
0.215	0.242	0.119	0.424
0.017	0.007	0.162	0.814
0.415	0.008	0.026	0.551
0.685	0.138	0.122	0.055
>AWTAGCCS	14-AWTAGCCS	6.755782	-334.097672	0	T:9023.0(21.93%),B:6768.7(17.01%),P:1e-145	Tpos:473.8,Tstd:393.9,Bpos:370.9,Bstd:228.7,StrandBias:-0.0,Multiplicity:1.13
0.997	0.001	0.001	0.001
0.488	0.001	0.001	0.510
0.229	0.001	0.001	0.769
0.813	0.001	0.001	0.185
0.001	0.001	0.997	0.001
0.001	0.759	0.239	0.001
0.001	0.668	0.001	0.330
0.001	0.548	0.448	0.003
>CCGGGAAA	15-CCGGGAAA	6.373416	-332.808811	0	T:11218.0(27.27%),B:8715.3(21.90%),P:1e-144	Tpos:568.1,Tstd:453.6,Bpos:375.5,Bstd:229.9,StrandBias:0.0,Multiplicity:1.34
0.053	0.705	0.133	0.109
0.078	0.691	0.124	0.107
0.050	0.102	0.778	0.070
0.094	0.075	0.729	0.102
0.121	0.073	0.728	0.078
0.825	0.091	0.055	0.029
0.781	0.027	0.148	0.044
0.764	0.103	0.064	0.069
>CGCCTAAC	16-CGCCTAAC	6.108087	-297.013743	0	T:6929.0(16.84%),B:5054.3(12.70%),P:1e-128	Tpos:510.0,Tstd:435.1,Bpos:371.6,Bstd:225.9,StrandBias:0.1,Multiplicity:1.12
0.265	0.733	0.001	0.001
0.002	0.001	0.893	0.104
0.134	0.743	0.025	0.098
0.064	0.905	0.001	0.030
0.234	0.001	0.001	0.764
0.806	0.001	0.043	0.150
0.889	0.001	0.002	0.108
0.062	0.765	0.075	0.098
>CGCCAGTC	17-CGCCAGTC	5.648573	-292.729187	0	T:3581.0(8.70%),B:2288.5(5.75%),P:1e-127	Tpos:600.4,Tstd:438.0,Bpos:372.8,Bstd:242.9,StrandBias:0.2,Multiplicity:1.10
0.001	0.997	0.001	0.001
0.001	0.001	0.997	0.001
0.082	0.755	0.001	0.162
0.001	0.997	0.001	0.001
0.997	0.001	0.001	0.001
0.001	0.174	0.824	0.001
0.001	0.001	0.001	0.997
0.001	0.842	0.001	0.156
>TTGCAACG	18-TTGCAACG	6.318981	-283.957502	0	T:11392.0(27.69%),B:9029.7(22.69%),P:1e-123	Tpos:497.5,Tstd:413.9,Bpos:370.7,Bstd:232.1,StrandBias:-0.0,Multiplicity:1.21
0.001	0.001	0.001	0.997
0.129	0.186	0.001	0.684
0.106	0.043	0.796	0.055
0.001	0.997	0.001	0.001
0.831	0.001	0.127	0.041
0.601	0.001	0.396	0.002
0.001	0.819	0.001	0.179
0.285	0.278	0.436	0.001
>GGGAGGGA	19-GGGAGGGA	6.444735	-264.713034	0	T:10981.0(26.69%),B:8724.6(21.92%),P:1e-114	Tpos:555.4,Tstd:439.2,Bpos:368.3,Bstd:220.0,StrandBias:-0.0,Multiplicity:1.36
0.001	0.001	0.997	0.001
0.001	0.099	0.899	0.001
0.004	0.001	0.972	0.023
0.997	0.001	0.001	0.001
0.001	0.001	0.997	0.001
0.001	0.001	0.611	0.387
0.261	0.001	0.716	0.022
0.997	0.001	0.001	0.001
>AGCCAATT	20-AGCCAATT	3.830737	-226.046203	0	T:13729.0(33.37%),B:11383.7(28.60%),P:1e-98	Tpos:474.3,Tstd:397.5,Bpos:374.2,Bstd:222.1,StrandBias:0.0,Multiplicity:1.27
0.846	0.001	0.001	0.152
0.001	0.001	0.997	0.001
0.001	0.997	0.001	0.001
0.001	0.997	0.001	0.001
0.997	0.001	0.001	0.001
0.997	0.001	0.001	0.001
0.001	0.001	0.154	0.844
0.067	0.001	0.079	0.853
>TTGATCCG	21-TTGATCCG	6.826945	-204.673430	0	T:4228.0(10.28%),B:2999.6(7.54%),P:1e-88	Tpos:502.9,Tstd:425.5,Bpos:368.0,Bstd:219.2,StrandBias:0.0,Multiplicity:1.07
0.096	0.108	0.001	0.795
0.023	0.001	0.001	0.975
0.001	0.057	0.941	0.001
0.882	0.001	0.049	0.068
0.001	0.001	0.073	0.925
0.030	0.919	0.039	0.012
0.068	0.799	0.001	0.132
0.028	0.134	0.759	0.079
>AGCGGAAA	22-AGCGGAAA	3.922500	-188.494603	0	T:3142.0(7.64%),B:2138.4(5.37%),P:1e-81	Tpos:596.2,Tstd:455.0,Bpos:374.7,Bstd:239.1,StrandBias:0.1,Multiplicity:1.10
0.997	0.001	0.001	0.001
0.001	0.001	0.997	0.001
0.001	0.997	0.001	0.001
0.001	0.001	0.997	0.001
0.001	0.001	0.997	0.001
0.879	0.001	0.001	0.119
0.785	0.213	0.001	0.001
0.997	0.001	0.001	0.001
>ATTAACGA	23-ATTAACGA	-2.217820	-163.705199	0	T:22435.0(54.53%),B:19949.8(50.13%),P:1e-71	Tpos:451.0,Tstd:385.7,Bpos:370.3,Bstd:220.9,StrandBias:0.0,Multiplicity:1.63
0.992	0.001	0.006	0.001
0.001	0.001	0.001	0.997
0.001	0.001	0.001	0.997
0.997	0.001	0.001	0.001
0.997	0.001	0.001	0.001
0.001	0.997	0.001	0.001
0.001	0.281	0.717	0.001
0.746	0.252	0.001	0.001
>CATCGCGA	24-CATCGCGA	8.236954	-125.638083	0	T:191.0(0.46%),B:46.2(0.12%),P:1e-54	Tpos:720.4,Tstd:465.0,Bpos:333.1,Bstd:268.0,StrandBias:-0.1,Multiplicity:1.00
0.100	0.700	0.100	0.100
0.700	0.100	0.100	0.100
0.100	0.100	0.100	0.700
0.100	0.700	0.100	0.100
0.100	0.100	0.700	0.100
0.100	0.700	0.100	0.100
0.100	0.100	0.700	0.100
0.700	0.100	0.100	0.100
>TTGAGCAA	25-TTGAGCAA	8.236954	-57.939749	0	T:1005.0(2.44%),B:688.0(1.73%),P:1e-25	Tpos:436.8,Tstd:356.2,Bpos:371.6,Bstd:218.3,StrandBias:-0.1,Multiplicity:1.02
0.100	0.100	0.100	0.700
0.100	0.100	0.100	0.700
0.100	0.100	0.700	0.100
0.700	0.100	0.100	0.100
0.100	0.100	0.700	0.100
0.100	0.700	0.100	0.100
0.700	0.100	0.100	0.100
0.700	0.100	0.100	0.100
