>CACTTCCTSTTT	5-AAASAGGAAGTG	8.003450	-2803.116192	0	T:19980.0(25.05%),B:11435.3(14.88%),P:1e-1217
0.189	0.482	0.139	0.189
0.750	0.029	0.185	0.036
0.010	0.673	0.148	0.169
0.063	0.001	0.002	0.934
0.005	0.006	0.033	0.956
0.010	0.870	0.001	0.119
0.037	0.944	0.004	0.015
0.102	0.124	0.042	0.732
0.019	0.389	0.454	0.138
0.133	0.141	0.070	0.656
0.072	0.162	0.115	0.651
0.124	0.162	0.117	0.597
