>TCCCTCCGCGCG	16-CGCGCGGAGGGA	7.671178	-644.652417	0	T:8765.0(10.99%),B:5721.7(7.45%),P:1e-279
0.085	0.124	0.091	0.700
0.036	0.774	0.107	0.083
0.047	0.789	0.080	0.084
0.040	0.827	0.068	0.065
0.071	0.138	0.122	0.669
0.043	0.800	0.110	0.047
0.059	0.772	0.088	0.081
0.063	0.135	0.716	0.086
0.058	0.770	0.119	0.053
0.053	0.135	0.721	0.091
0.069	0.751	0.100	0.080
0.084	0.110	0.714	0.092
