>GCGCATGCGCAT	20-GCGCATGCGCAT,BestGuess:NRF1(NRF)/MCF7-NRF1-ChIP-Seq(Unpublished)/Homer(0.970)	9.435378	-522.217786	0	T:2544.0(3.19%),B:1210.5(1.58%),P:1e-226
0.106	0.026	0.855	0.013
0.106	0.817	0.061	0.016
0.025	0.001	0.973	0.001
0.001	0.985	0.013	0.001
0.762	0.197	0.037	0.004
0.061	0.060	0.123	0.756
0.001	0.013	0.985	0.001
0.016	0.936	0.009	0.039
0.001	0.017	0.864	0.118
0.001	0.883	0.003	0.113
0.516	0.285	0.169	0.030
0.136	0.214	0.240	0.410
