>TTCCGGGAAGTG	13-TTCCGGGAAGTG	7.289224	-901.136679	0	T:19605.0(24.58%),B:14239.2(18.53%),P:1e-391
0.107	0.143	0.117	0.633
0.029	0.156	0.202	0.613
0.043	0.834	0.055	0.068
0.062	0.725	0.013	0.200
0.260	0.126	0.488	0.127
0.014	0.001	0.984	0.001
0.014	0.001	0.960	0.025
0.790	0.131	0.036	0.043
0.795	0.039	0.150	0.016
0.153	0.180	0.573	0.094
0.058	0.255	0.161	0.526
0.051	0.085	0.721	0.143
