>GTTACGCAACCC	10-GTTACGCAACCC	5.719225	-293.075917	0	T:9634.0(23.42%),B:7426.9(18.66%),P:1e-127
0.105	0.121	0.667	0.107
0.096	0.121	0.100	0.683
0.095	0.144	0.129	0.632
0.604	0.151	0.121	0.124
0.156	0.581	0.132	0.131
0.143	0.161	0.556	0.140
0.108	0.708	0.105	0.079
0.738	0.116	0.069	0.077
0.670	0.099	0.140	0.091
0.104	0.688	0.118	0.090
0.100	0.745	0.056	0.099
0.101	0.732	0.059	0.108
