>CCAAACCAAACA	11-CCAAACCAAACA,BestGuess:NF1:FOXA1(CTF,Forkhead)/LNCAP-FOXA1-ChIP-Seq(GSE27824)/Homer(0.826)	8.639487	-287.253526	0	T:3857.0(9.37%),B:2518.7(6.33%),P:1e-124
0.124	0.584	0.124	0.168
0.147	0.830	0.001	0.022
0.865	0.020	0.001	0.114
0.815	0.013	0.171	0.001
0.700	0.122	0.167	0.011
0.195	0.511	0.175	0.119
0.151	0.731	0.001	0.117
0.932	0.001	0.001	0.066
0.843	0.001	0.155	0.001
0.668	0.094	0.130	0.108
0.017	0.872	0.100	0.011
0.729	0.118	0.001	0.152
