>NNAAACRAGCCG	5-NNAAACRAGCCG	4.743943	-421.720454	0	T:13824.0(33.60%),B:10795.8(27.13%),P:1e-183
0.189	0.310	0.288	0.213
0.170	0.311	0.232	0.288
0.549	0.144	0.100	0.207
0.610	0.095	0.133	0.162
0.526	0.176	0.103	0.195
0.060	0.731	0.086	0.123
0.380	0.120	0.330	0.171
0.555	0.278	0.079	0.088
0.168	0.167	0.494	0.171
0.117	0.571	0.117	0.195
0.178	0.514	0.145	0.163
0.154	0.135	0.599	0.112
