>GTTAATGATTAA	8-GTTAATGATTAA,BestGuess:HNF1b(Homeobox)/PDAC-HNF1B-ChIP-Seq(GSE64557)/Homer(0.982)	9.431244	-360.593829	0	T:1230.0(2.99%),B:502.6(1.26%),P:1e-156
0.081	0.049	0.761	0.109
0.036	0.057	0.038	0.869
0.110	0.042	0.058	0.790
0.925	0.023	0.025	0.027
0.881	0.053	0.017	0.049
0.060	0.011	0.024	0.905
0.114	0.182	0.564	0.140
0.812	0.030	0.069	0.089
0.055	0.019	0.062	0.864
0.020	0.035	0.021	0.924
0.842	0.053	0.044	0.061
0.865	0.046	0.052	0.037
