>ACTACAAHTCCC	15-ACTACAAHTCCC,BestGuess:GFY(?)/Promoter/Homer(0.955)	10.538357	-221.265835	0	T:404.0(0.98%),B:112.1(0.28%),P:1e-96
0.871	0.045	0.042	0.042
0.198	0.678	0.046	0.078
0.189	0.071	0.025	0.715
0.612	0.052	0.137	0.199
0.066	0.821	0.063	0.050
0.788	0.058	0.030	0.124
0.422	0.194	0.158	0.226
0.292	0.300	0.079	0.330
0.177	0.139	0.024	0.660
0.046	0.845	0.065	0.044
0.066	0.850	0.021	0.063
0.047	0.771	0.025	0.157
