>GTTAATCATTAA	21-TTAATGATTAAC	2.539324	-334.572499	0	T:22595.0(59.33%),B:15611.2(52.78%),P:1e-145
0.122	0.018	0.773	0.087
0.054	0.017	0.035	0.894
0.084	0.052	0.054	0.810
0.906	0.014	0.043	0.037
0.825	0.095	0.025	0.055
0.082	0.034	0.058	0.826
0.169	0.581	0.119	0.131
0.888	0.062	0.010	0.040
0.043	0.008	0.091	0.858
0.016	0.028	0.016	0.940
0.821	0.076	0.049	0.054
0.877	0.028	0.058	0.037
