>TAACTCAGATCG	20-TAACTCAGATCG,BestGuess:Ap1/dmmpmm(Papatsenko)/fly(0.679)	11.441083	-117.422004	0	T:51.0(0.12%),B:2.8(0.01%),P:1e-50
0.111	0.086	0.088	0.715
0.765	0.075	0.061	0.099
0.784	0.070	0.092	0.054
0.061	0.802	0.094	0.043
0.073	0.098	0.059	0.770
0.050	0.815	0.085	0.050
0.869	0.042	0.043	0.046
0.069	0.058	0.828	0.045
0.685	0.142	0.091	0.082
0.086	0.081	0.081	0.752
0.121	0.603	0.125	0.151
0.133	0.115	0.612	0.140
