>AGAGGGCGCTAC	2-GTAGCGCCCTCT	7.495633	-539.625241	0	T:6302.0(15.32%),B:4030.1(10.13%),P:1e-234
0.931	0.015	0.045	0.009
0.013	0.047	0.938	0.002
0.870	0.043	0.072	0.015
0.019	0.011	0.959	0.011
0.013	0.017	0.930	0.040
0.036	0.045	0.873	0.046
0.122	0.732	0.066	0.080
0.082	0.076	0.724	0.118
0.007	0.929	0.043	0.021
0.050	0.127	0.091	0.732
0.691	0.137	0.121	0.051
0.054	0.691	0.127	0.128
