>GACGCCTAGTCA	18-GACGCCTAGTCA,BestGuess:ASH1/Literature(Harbison)/Yeast(0.636)	12.088145	-155.680104	0	T:52.0(0.13%),B:1.3(0.00%),P:1e-67
0.032	0.001	0.966	0.001
0.903	0.001	0.095	0.001
0.008	0.917	0.001	0.074
0.046	0.096	0.825	0.033
0.033	0.933	0.001	0.033
0.001	0.966	0.001	0.032
0.033	0.180	0.001	0.786
0.933	0.001	0.001	0.065
0.001	0.001	0.903	0.095
0.033	0.033	0.033	0.901
0.001	0.966	0.032	0.001
0.933	0.001	0.033	0.033
