>ACTGCTTGCCAA	14-TTGGCAAGCAGT	7.092892	-240.277720	0	T:8200.0(19.93%),B:6323.9(15.89%),P:1e-104
0.689	0.113	0.092	0.106
0.101	0.731	0.094	0.074
0.102	0.052	0.041	0.805
0.065	0.096	0.757	0.082
0.083	0.755	0.060	0.102
0.092	0.106	0.043	0.759
0.055	0.039	0.125	0.781
0.078	0.094	0.700	0.128
0.091	0.717	0.099	0.093
0.096	0.767	0.038	0.099
0.780	0.086	0.044	0.090
0.759	0.091	0.090	0.060
