>TTGGCAAGCAGT	14-TTGGCAAGCAGT,BestGuess:MBNL1(Znf)/Homo_sapiens-RNCMPT00038-PBM/HughesRNA(0.700)	7.092892	-240.277720	0	T:8200.0(19.93%),B:6323.9(15.89%),P:1e-104
0.060	0.090	0.091	0.759
0.090	0.044	0.086	0.780
0.099	0.038	0.767	0.096
0.093	0.099	0.717	0.091
0.128	0.700	0.094	0.078
0.781	0.125	0.039	0.055
0.759	0.043	0.106	0.092
0.102	0.060	0.755	0.083
0.082	0.757	0.096	0.065
0.805	0.041	0.052	0.102
0.074	0.094	0.731	0.101
0.106	0.092	0.113	0.689
