>CNCTAATCCGAC	7-GTCGGATTAGNG	5.057136	-368.608837	0	T:11154.0(27.11%),B:8551.9(21.49%),P:1e-160
0.122	0.527	0.167	0.184
0.259	0.296	0.191	0.253
0.148	0.671	0.049	0.132
0.063	0.150	0.164	0.623
0.761	0.050	0.052	0.137
0.659	0.026	0.171	0.144
0.073	0.128	0.029	0.770
0.102	0.734	0.046	0.118
0.060	0.684	0.251	0.005
0.054	0.013	0.881	0.052
0.429	0.223	0.234	0.115
0.247	0.455	0.144	0.153
