>NSGGAAACCGNV	9-NSGGAAACCGNV	5.338039	-332.730593	0	T:5518.0(13.41%),B:3781.7(9.50%),P:1e-144
0.224	0.306	0.248	0.222
0.166	0.424	0.288	0.122
0.085	0.185	0.663	0.067
0.138	0.134	0.486	0.241
0.525	0.109	0.075	0.291
0.538	0.174	0.100	0.188
0.573	0.113	0.169	0.145
0.254	0.411	0.161	0.174
0.031	0.754	0.132	0.083
0.087	0.106	0.744	0.063
0.280	0.277	0.271	0.172
0.306	0.269	0.274	0.152
