>GCGCGAACAGAG	12-GCGCGAACAGAG,BestGuess:REF6(Zf)/Arabidopsis-REF6-ChIP-Seq(GSE106942)/Homer(0.726)	3.313755	-283.798303	0	T:8334.0(20.26%),B:6308.7(15.85%),P:1e-123
0.019	0.001	0.961	0.019
0.054	0.891	0.054	0.001
0.001	0.303	0.642	0.054
0.062	0.936	0.001	0.001
0.018	0.001	0.980	0.001
0.886	0.008	0.003	0.103
0.869	0.056	0.020	0.055
0.019	0.961	0.019	0.001
0.980	0.018	0.001	0.001
0.054	0.019	0.926	0.001
0.926	0.054	0.001	0.019
0.001	0.018	0.980	0.001
