>CTGGCAGCTAGC	4-CTGGCAGCTAGC	6.758466	-435.805854	0	T:14432.0(35.08%),B:11306.4(28.41%),P:1e-189
0.062	0.795	0.065	0.078
0.088	0.071	0.059	0.782
0.054	0.053	0.825	0.068
0.064	0.118	0.753	0.065
0.086	0.774	0.100	0.040
0.764	0.062	0.061	0.113
0.059	0.091	0.788	0.062
0.067	0.756	0.082	0.095
0.125	0.144	0.106	0.625
0.662	0.094	0.130	0.114
0.074	0.090	0.753	0.083
0.088	0.724	0.110	0.078
