>TGACTAGGCGTC	18-GACGCCTAGTCA	12.088145	-155.680104	0	T:52.0(0.13%),B:1.3(0.00%),P:1e-67
0.033	0.033	0.001	0.933
0.001	0.032	0.966	0.001
0.901	0.033	0.033	0.033
0.095	0.903	0.001	0.001
0.065	0.001	0.001	0.933
0.786	0.001	0.180	0.033
0.032	0.001	0.966	0.001
0.033	0.001	0.933	0.033
0.033	0.825	0.096	0.046
0.074	0.001	0.917	0.008
0.001	0.095	0.001	0.903
0.001	0.966	0.001	0.032
