>ATTCGCCCAGCC	13-ATTCGCCCAGCC	8.535475	-261.795108	0	T:2699.0(6.56%),B:1650.0(4.15%),P:1e-113
0.803	0.071	0.036	0.090
0.049	0.067	0.064	0.820
0.015	0.123	0.071	0.791
0.084	0.696	0.082	0.138
0.144	0.112	0.638	0.106
0.029	0.899	0.054	0.018
0.046	0.859	0.008	0.087
0.039	0.921	0.027	0.013
0.818	0.056	0.032	0.094
0.008	0.045	0.929	0.018
0.017	0.903	0.042	0.038
0.010	0.925	0.045	0.020
