>RCCAATCG	1-RCCAATCG	5.214279	-1367.594035	0	T:14686.0(38.81%),B:8212.9(26.49%),P:1e-593	Tpos:640.0,Tstd:460.4,Bpos:514.6,Bstd:432.0,StrandBias:0.0,Multiplicity:1.50
0.396	0.077	0.416	0.111
0.059	0.645	0.228	0.068
0.063	0.585	0.103	0.249
0.707	0.001	0.186	0.106
0.603	0.217	0.076	0.104
0.001	0.242	0.001	0.756
0.242	0.649	0.108	0.001
0.167	0.140	0.669	0.024
>CGCCGCTA	2-CGCCGCTA	5.943913	-1227.778631	0	T:16595.0(43.86%),B:9829.7(31.70%),P:1e-533	Tpos:698.0,Tstd:445.7,Bpos:515.8,Bstd:485.3,StrandBias:0.0,Multiplicity:1.69
0.033	0.804	0.117	0.046
0.001	0.048	0.816	0.135
0.026	0.573	0.345	0.056
0.109	0.785	0.064	0.042
0.189	0.001	0.716	0.094
0.001	0.542	0.139	0.318
0.001	0.086	0.001	0.912
0.636	0.001	0.001	0.362
>RRCGGAAV	3-RRCGGAAV	7.193157	-1222.158393	0	T:13725.0(36.27%),B:7702.9(24.84%),P:1e-530	Tpos:662.7,Tstd:449.4,Bpos:519.2,Bstd:472.8,StrandBias:0.0,Multiplicity:1.49
0.377	0.001	0.507	0.115
0.316	0.247	0.436	0.001
0.001	0.997	0.001	0.001
0.001	0.001	0.997	0.001
0.323	0.001	0.486	0.190
0.997	0.001	0.001	0.001
0.997	0.001	0.001	0.001
0.263	0.339	0.397	0.001
>SCGGGTTA	4-SCGGGTTA	5.541333	-1161.061558	0	T:13146.0(34.74%),B:7364.3(23.75%),P:1e-504	Tpos:674.6,Tstd:472.7,Bpos:526.4,Bstd:483.2,StrandBias:-0.0,Multiplicity:1.40
0.084	0.459	0.311	0.146
0.038	0.829	0.132	0.001
0.033	0.163	0.747	0.057
0.284	0.221	0.494	0.001
0.059	0.238	0.480	0.223
0.044	0.292	0.004	0.660
0.151	0.036	0.040	0.773
0.855	0.053	0.042	0.050
>TCGCGWNA	5-TCGCGWNA	5.009694	-1114.813989	0	T:14465.0(38.23%),B:8395.2(27.07%),P:1e-484	Tpos:701.2,Tstd:474.0,Bpos:512.0,Bstd:485.1,StrandBias:0.0,Multiplicity:1.50
0.171	0.024	0.016	0.789
0.152	0.546	0.030	0.272
0.186	0.031	0.740	0.043
0.100	0.860	0.039	0.001
0.077	0.001	0.799	0.123
0.462	0.138	0.001	0.399
0.206	0.286	0.221	0.287
0.394	0.195	0.194	0.218
>CGCCCTHT	6-CGCCCTHT	6.269364	-1090.146551	0	T:22445.0(59.32%),B:14686.7(47.36%),P:1e-473	Tpos:678.2,Tstd:459.4,Bpos:518.9,Bstd:481.4,StrandBias:-0.0,Multiplicity:1.95
0.001	0.997	0.001	0.001
0.001	0.001	0.997	0.001
0.001	0.873	0.001	0.125
0.301	0.523	0.001	0.175
0.275	0.441	0.283	0.001
0.359	0.127	0.001	0.513
0.348	0.318	0.001	0.333
0.001	0.001	0.001	0.997
>CGGAGTTA	7-CGGAGTTA	4.723405	-1068.613820	0	T:19203.0(50.75%),B:12102.4(39.03%),P:1e-464	Tpos:685.1,Tstd:494.2,Bpos:516.3,Bstd:479.4,StrandBias:0.1,Multiplicity:1.52
0.005	0.902	0.077	0.016
0.015	0.177	0.804	0.004
0.169	0.152	0.553	0.126
0.513	0.150	0.202	0.135
0.202	0.173	0.469	0.156
0.119	0.173	0.102	0.606
0.227	0.012	0.127	0.634
0.531	0.143	0.115	0.211
>TCGGTYCG	8-TCGGTYCG	5.439177	-1000.782350	0	T:17077.0(45.13%),B:10552.0(34.03%),P:1e-434	Tpos:701.8,Tstd:458.7,Bpos:522.1,Bstd:504.5,StrandBias:-0.0,Multiplicity:1.73
0.152	0.199	0.001	0.648
0.175	0.577	0.001	0.247
0.236	0.135	0.628	0.001
0.009	0.308	0.671	0.012
0.266	0.157	0.028	0.549
0.206	0.399	0.080	0.315
0.001	0.905	0.085	0.009
0.036	0.063	0.826	0.075
>CGCCTAGT	9-CGCCTAGT	5.981703	-977.355650	0	T:15358.0(40.59%),B:9274.0(29.91%),P:1e-424	Tpos:673.6,Tstd:460.7,Bpos:525.3,Bstd:471.4,StrandBias:-0.0,Multiplicity:1.40
0.001	0.931	0.053	0.015
0.094	0.064	0.807	0.035
0.095	0.593	0.298	0.014
0.006	0.879	0.114	0.001
0.031	0.001	0.140	0.828
0.997	0.001	0.001	0.001
0.123	0.041	0.789	0.047
0.152	0.094	0.266	0.488
>CTCGMTCG	10-CTCGMTCG	6.770933	-957.977441	0	T:11150.0(29.47%),B:6210.6(20.03%),P:1e-416	Tpos:706.5,Tstd:453.0,Bpos:520.4,Bstd:493.2,StrandBias:-0.0,Multiplicity:1.24
0.013	0.574	0.412	0.001
0.001	0.001	0.001	0.997
0.188	0.662	0.001	0.149
0.001	0.001	0.997	0.001
0.570	0.428	0.001	0.001
0.001	0.001	0.412	0.586
0.372	0.626	0.001	0.001
0.001	0.001	0.997	0.001
>TTTCCGGT	11-TTTCCGGT	5.633171	-949.631110	0	T:18211.0(48.13%),B:11522.2(37.16%),P:1e-412	Tpos:668.6,Tstd:465.6,Bpos:518.9,Bstd:456.6,StrandBias:-0.0,Multiplicity:1.57
0.043	0.151	0.040	0.766
0.012	0.067	0.001	0.920
0.017	0.001	0.010	0.972
0.001	0.956	0.001	0.042
0.001	0.931	0.067	0.001
0.001	0.057	0.899	0.043
0.023	0.001	0.940	0.036
0.042	0.139	0.101	0.718
>GAWTGCGC	12-GAWTGCGC	5.641710	-938.698586	0	T:16898.0(44.66%),B:10517.6(33.92%),P:1e-407	Tpos:683.0,Tstd:465.0,Bpos:527.2,Bstd:478.5,StrandBias:-0.0,Multiplicity:1.57
0.031	0.001	0.562	0.406
0.462	0.260	0.082	0.196
0.457	0.094	0.094	0.355
0.307	0.235	0.001	0.457
0.321	0.001	0.562	0.116
0.001	0.997	0.001	0.001
0.001	0.001	0.997	0.001
0.024	0.651	0.001	0.324
>TTSGGWCG	13-TTSGGWCG	5.828873	-892.961606	0	T:15552.0(41.10%),B:9561.6(30.84%),P:1e-387	Tpos:693.4,Tstd:490.7,Bpos:519.2,Bstd:469.1,StrandBias:0.1,Multiplicity:1.41
0.001	0.140	0.025	0.834
0.001	0.001	0.073	0.925
0.001	0.432	0.289	0.278
0.364	0.001	0.634	0.001
0.182	0.001	0.816	0.001
0.320	0.169	0.100	0.411
0.001	0.883	0.001	0.115
0.001	0.001	0.904	0.094
>TACGACTC	14-TACGACTC	5.550155	-877.590825	0	T:11082.0(29.29%),B:6276.9(20.24%),P:1e-381	Tpos:680.2,Tstd:482.5,Bpos:521.2,Bstd:465.1,StrandBias:-0.0,Multiplicity:1.24
0.096	0.139	0.121	0.644
0.637	0.132	0.055	0.176
0.005	0.928	0.066	0.001
0.063	0.024	0.882	0.031
0.705	0.060	0.112	0.123
0.086	0.673	0.110	0.131
0.043	0.098	0.078	0.781
0.073	0.751	0.100	0.076
>CGCCTCCG	15-CGCCTCCG	7.844931	-810.744426	0	T:15835.0(41.85%),B:9922.9(32.00%),P:1e-352	Tpos:703.6,Tstd:436.2,Bpos:521.4,Bstd:506.4,StrandBias:-0.0,Multiplicity:1.63
0.084	0.824	0.001	0.091
0.068	0.001	0.930	0.001
0.004	0.673	0.251	0.072
0.001	0.997	0.001	0.001
0.001	0.001	0.090	0.908
0.001	0.726	0.272	0.001
0.179	0.750	0.070	0.001
0.119	0.035	0.642	0.204
>AACSGTTA	16-AACSGTTA	4.254160	-723.777456	0	T:18042.0(47.68%),B:11811.4(38.09%),P:1e-314	Tpos:654.5,Tstd:509.4,Bpos:517.9,Bstd:434.0,StrandBias:-0.0,Multiplicity:1.47
0.493	0.094	0.258	0.156
0.553	0.232	0.120	0.095
0.181	0.714	0.044	0.061
0.001	0.481	0.517	0.001
0.111	0.086	0.647	0.156
0.133	0.168	0.054	0.645
0.275	0.193	0.012	0.520
0.487	0.123	0.204	0.186
>DTCGCGCB	17-DTCGCGCB	3.849625	-709.938939	0	T:21873.0(57.81%),B:14934.5(48.16%),P:1e-308	Tpos:710.4,Tstd:459.3,Bpos:528.6,Bstd:506.2,StrandBias:0.1,Multiplicity:1.61
0.249	0.187	0.219	0.345
0.142	0.124	0.087	0.647
0.216	0.484	0.107	0.192
0.096	0.195	0.567	0.142
0.160	0.561	0.161	0.118
0.178	0.166	0.504	0.152
0.133	0.568	0.144	0.155
0.140	0.272	0.325	0.263
>TGCCGCGA	18-TGCCGCGA	6.953831	-693.562525	0	T:13008.0(34.38%),B:7989.9(25.77%),P:1e-301	Tpos:696.7,Tstd:439.3,Bpos:529.3,Bstd:499.1,StrandBias:0.1,Multiplicity:1.43
0.046	0.098	0.089	0.767
0.001	0.091	0.907	0.001
0.001	0.997	0.001	0.001
0.061	0.825	0.071	0.043
0.001	0.001	0.997	0.001
0.030	0.968	0.001	0.001
0.037	0.059	0.796	0.108
0.782	0.173	0.001	0.044
>GCCCCGCC	19-GCCCCGCC	8.953075	-689.923462	0	T:14353.0(37.93%),B:9012.8(29.07%),P:1e-299	Tpos:679.3,Tstd:425.8,Bpos:517.9,Bstd:504.4,StrandBias:-0.1,Multiplicity:1.65
0.001	0.001	0.771	0.227
0.001	0.581	0.088	0.330
0.116	0.882	0.001	0.001
0.001	0.846	0.001	0.152
0.001	0.708	0.290	0.001
0.001	0.001	0.997	0.001
0.115	0.883	0.001	0.001
0.001	0.997	0.001	0.001
>KAAAAGCG	20-KAAAAGCG	3.905585	-632.347369	0	T:15894.0(42.00%),B:10313.1(33.26%),P:1e-274	Tpos:675.6,Tstd:500.9,Bpos:524.7,Bstd:448.2,StrandBias:0.0,Multiplicity:1.38
0.214	0.001	0.346	0.438
0.997	0.001	0.001	0.001
0.960	0.001	0.001	0.038
0.758	0.070	0.171	0.001
0.985	0.001	0.013	0.001
0.062	0.001	0.848	0.089
0.001	0.995	0.003	0.001
0.002	0.003	0.994	0.001
>TTATTCGY	21-TTATTCGY	5.605835	-571.691301	0	T:17437.0(46.08%),B:11656.5(37.59%),P:1e-248	Tpos:676.9,Tstd:491.1,Bpos:526.5,Bstd:457.2,StrandBias:-0.0,Multiplicity:1.41
0.001	0.265	0.001	0.733
0.001	0.212	0.049	0.738
0.461	0.307	0.135	0.098
0.001	0.115	0.031	0.853
0.018	0.142	0.069	0.771
0.001	0.934	0.001	0.064
0.001	0.001	0.997	0.001
0.001	0.456	0.062	0.481
>CGTTGCAA	22-CGTTGCAA	6.514573	-492.638054	0	T:6040.0(15.96%),B:3312.5(10.68%),P:1e-213	Tpos:636.6,Tstd:504.4,Bpos:518.8,Bstd:415.6,StrandBias:0.1,Multiplicity:1.12
0.052	0.671	0.115	0.162
0.001	0.001	0.997	0.001
0.001	0.082	0.070	0.847
0.035	0.001	0.036	0.928
0.001	0.060	0.887	0.052
0.001	0.952	0.019	0.028
0.847	0.094	0.013	0.046
0.931	0.023	0.016	0.030
>GTCGCCGG	23-GTCGCCGG	3.884416	-407.181895	0	T:21690.0(57.32%),B:15515.1(50.04%),P:1e-176	Tpos:709.9,Tstd:441.5,Bpos:517.8,Bstd:517.4,StrandBias:0.0,Multiplicity:2.31
0.001	0.001	0.997	0.001
0.001	0.001	0.001	0.997
0.001	0.997	0.001	0.001
0.001	0.001	0.997	0.001
0.135	0.863	0.001	0.001
0.001	0.997	0.001	0.001
0.001	0.001	0.873	0.125
0.001	0.001	0.997	0.001
>CACGTGAC	24-CACGTGAC	8.513197	-406.046500	0	T:2327.0(6.15%),B:1009.5(3.26%),P:1e-176	Tpos:643.9,Tstd:431.0,Bpos:551.2,Bstd:420.9,StrandBias:0.1,Multiplicity:1.11
0.001	0.841	0.001	0.157
0.997	0.001	0.001	0.001
0.001	0.997	0.001	0.001
0.001	0.001	0.997	0.001
0.001	0.001	0.001	0.997
0.001	0.001	0.997	0.001
0.997	0.001	0.001	0.001
0.001	0.906	0.001	0.092
>TGTAGTTC	25-TGTAGTTC	3.454377	-399.640134	0	T:7052.0(18.64%),B:4174.7(13.46%),P:1e-173	Tpos:620.3,Tstd:505.6,Bpos:525.0,Bstd:388.8,StrandBias:0.0,Multiplicity:1.18
0.001	0.001	0.060	0.938
0.001	0.001	0.997	0.001
0.001	0.001	0.001	0.997
0.997	0.001	0.001	0.001
0.001	0.001	0.997	0.001
0.001	0.001	0.001	0.997
0.066	0.315	0.001	0.618
0.001	0.793	0.001	0.205
