>CGCCCTCT	1-CGCCCTCT	6.349069	-1339.979419	0	T:13739.0(33.39%),B:8861.5(22.27%),P:1e-581	Tpos:520.8,Tstd:425.3,Bpos:369.2,Bstd:229.9,StrandBias:0.1,Multiplicity:1.36
0.001	0.744	0.001	0.254
0.001	0.001	0.997	0.001
0.001	0.997	0.001	0.001
0.001	0.997	0.001	0.001
0.160	0.838	0.001	0.001
0.001	0.218	0.001	0.780
0.001	0.997	0.001	0.001
0.001	0.001	0.001	0.997
>WAWCSCGC	2-WAWCSCGC	5.803741	-608.391513	0	T:9943.0(24.17%),B:6916.6(17.38%),P:1e-264	Tpos:598.2,Tstd:438.3,Bpos:374.3,Bstd:246.0,StrandBias:-0.0,Multiplicity:1.48
0.460	0.001	0.076	0.463
0.813	0.018	0.001	0.168
0.367	0.001	0.162	0.470
0.030	0.965	0.001	0.004
0.001	0.423	0.365	0.211
0.001	0.760	0.238	0.001
0.001	0.001	0.997	0.001
0.124	0.664	0.211	0.001
>TGMMCTTT	3-TGMMCTTT	7.000067	-545.052546	0	T:13604.0(33.07%),B:10260.3(25.78%),P:1e-236	Tpos:468.6,Tstd:393.8,Bpos:370.9,Bstd:216.6,StrandBias:0.0,Multiplicity:1.24
0.160	0.001	0.001	0.838
0.179	0.001	0.819	0.001
0.455	0.364	0.180	0.001
0.447	0.489	0.063	0.001
0.001	0.997	0.001	0.001
0.001	0.001	0.061	0.937
0.059	0.258	0.001	0.682
0.081	0.001	0.131	0.787
>CGGCCAAA	4-CGGCCAAA	6.042463	-529.376934	0	T:13663.0(33.21%),B:10353.4(26.01%),P:1e-229	Tpos:513.6,Tstd:414.8,Bpos:374.3,Bstd:229.0,StrandBias:0.1,Multiplicity:1.34
0.001	0.538	0.242	0.219
0.039	0.018	0.736	0.207
0.068	0.056	0.875	0.001
0.022	0.877	0.001	0.100
0.001	0.785	0.075	0.139
0.689	0.001	0.245	0.065
0.885	0.001	0.113	0.001
0.690	0.187	0.001	0.122
>TCTAGTGG	5-TCTAGTGG	6.154772	-448.954763	0	T:2274.0(5.53%),B:1110.7(2.79%),P:1e-194	Tpos:395.8,Tstd:369.7,Bpos:366.8,Bstd:218.1,StrandBias:-0.0,Multiplicity:1.02
0.001	0.271	0.001	0.727
0.001	0.997	0.001	0.001
0.001	0.001	0.001	0.997
0.997	0.001	0.001	0.001
0.001	0.001	0.997	0.001
0.001	0.001	0.001	0.997
0.001	0.027	0.971	0.001
0.001	0.001	0.997	0.001
>CGGHGBTA	6-CGGHGBTA	5.564866	-448.572473	0	T:11636.0(28.28%),B:8758.7(22.01%),P:1e-194	Tpos:581.9,Tstd:432.3,Bpos:372.0,Bstd:240.7,StrandBias:-0.0,Multiplicity:1.47
0.001	0.779	0.219	0.001
0.001	0.169	0.829	0.001
0.001	0.001	0.650	0.348
0.390	0.346	0.013	0.251
0.001	0.092	0.906	0.001
0.173	0.335	0.209	0.282
0.225	0.001	0.156	0.618
0.862	0.001	0.001	0.136
>NAGCNARC	7-NAGCNARC	4.743954	-441.363917	0	T:17223.0(41.86%),B:13859.6(34.82%),P:1e-191	Tpos:508.8,Tstd:407.4,Bpos:375.1,Bstd:230.9,StrandBias:0.0,Multiplicity:1.48
0.272	0.229	0.276	0.223
0.512	0.290	0.083	0.115
0.111	0.034	0.810	0.045
0.128	0.690	0.061	0.121
0.299	0.220	0.310	0.172
0.694	0.147	0.109	0.050
0.413	0.126	0.326	0.135
0.083	0.522	0.259	0.136
>GRTCGVWW	8-GRTCGVWW	4.970426	-417.506503	0	T:9023.0(21.93%),B:6553.0(16.46%),P:1e-181	Tpos:567.7,Tstd:451.6,Bpos:372.3,Bstd:235.3,StrandBias:-0.1,Multiplicity:1.32
0.173	0.147	0.589	0.091
0.429	0.135	0.315	0.120
0.201	0.185	0.021	0.593
0.001	0.923	0.001	0.075
0.133	0.001	0.865	0.001
0.347	0.246	0.327	0.080
0.392	0.001	0.167	0.440
0.460	0.035	0.001	0.504
>YTGCCAGY	9-YTGCCAGY	6.643651	-390.934069	0	T:16305.0(39.63%),B:13167.3(33.08%),P:1e-169	Tpos:508.4,Tstd:403.8,Bpos:372.7,Bstd:228.5,StrandBias:0.0,Multiplicity:1.46
0.001	0.501	0.001	0.497
0.178	0.001	0.001	0.820
0.001	0.040	0.820	0.139
0.001	0.780	0.118	0.101
0.030	0.934	0.035	0.001
0.577	0.001	0.421	0.001
0.001	0.001	0.997	0.001
0.071	0.524	0.003	0.402
>GACCCGCC	10-GACCCGCC	7.610997	-373.377166	0	T:5633.0(13.69%),B:3792.2(9.53%),P:1e-162	Tpos:683.6,Tstd:438.3,Bpos:370.3,Bstd:255.3,StrandBias:0.0,Multiplicity:1.64
0.001	0.001	0.960	0.038
0.826	0.154	0.001	0.019
0.001	0.997	0.001	0.001
0.001	0.997	0.001	0.001
0.001	0.997	0.001	0.001
0.001	0.001	0.997	0.001
0.001	0.997	0.001	0.001
0.001	0.997	0.001	0.001
>CGGCTCCC	11-CGGCTCCC	8.642386	-364.518983	0	T:6117.0(14.87%),B:4210.7(10.58%),P:1e-158	Tpos:660.1,Tstd:431.6,Bpos:366.6,Bstd:263.6,StrandBias:0.0,Multiplicity:1.50
0.001	0.997	0.001	0.001
0.001	0.001	0.997	0.001
0.001	0.180	0.818	0.001
0.001	0.997	0.001	0.001
0.001	0.001	0.001	0.997
0.139	0.859	0.001	0.001
0.001	0.997	0.001	0.001
0.001	0.772	0.226	0.001
>TTGCGCAA	12-TTGCGCAA	5.588701	-351.952932	0	T:12330.0(29.97%),B:9655.8(24.26%),P:1e-152	Tpos:461.1,Tstd:379.8,Bpos:365.9,Bstd:222.8,StrandBias:0.0,Multiplicity:1.26
0.011	0.039	0.042	0.908
0.043	0.050	0.150	0.757
0.297	0.022	0.618	0.063
0.001	0.682	0.148	0.169
0.220	0.101	0.661	0.018
0.151	0.686	0.024	0.139
0.801	0.035	0.079	0.085
0.889	0.020	0.090	0.001
>GCTGTTWA	13-GCTGTTWA	5.346149	-342.719932	0	T:15744.0(38.27%),B:12809.8(32.19%),P:1e-148	Tpos:460.0,Tstd:388.8,Bpos:371.5,Bstd:222.2,StrandBias:-0.0,Multiplicity:1.39
0.223	0.116	0.552	0.109
0.001	0.669	0.128	0.202
0.092	0.129	0.297	0.482
0.054	0.150	0.795	0.001
0.215	0.242	0.119	0.424
0.017	0.007	0.162	0.814
0.415	0.008	0.026	0.551
0.685	0.138	0.122	0.055
>AWTAGCCS	14-AWTAGCCS	6.755782	-334.097672	0	T:9023.0(21.93%),B:6768.7(17.01%),P:1e-145	Tpos:473.8,Tstd:393.9,Bpos:370.9,Bstd:228.7,StrandBias:-0.0,Multiplicity:1.13
0.997	0.001	0.001	0.001
0.488	0.001	0.001	0.510
0.229	0.001	0.001	0.769
0.813	0.001	0.001	0.185
0.001	0.001	0.997	0.001
0.001	0.759	0.239	0.001
0.001	0.668	0.001	0.330
0.001	0.548	0.448	0.003
>CCGGGAAA	15-CCGGGAAA	6.373416	-332.808811	0	T:11218.0(27.27%),B:8715.3(21.90%),P:1e-144	Tpos:568.1,Tstd:453.6,Bpos:375.5,Bstd:229.9,StrandBias:0.0,Multiplicity:1.34
0.053	0.705	0.133	0.109
0.078	0.691	0.124	0.107
0.050	0.102	0.778	0.070
0.094	0.075	0.729	0.102
0.121	0.073	0.728	0.078
0.825	0.091	0.055	0.029
0.781	0.027	0.148	0.044
0.764	0.103	0.064	0.069
>CGCCTAAC	16-CGCCTAAC	6.108087	-297.013743	0	T:6929.0(16.84%),B:5054.3(12.70%),P:1e-128	Tpos:510.0,Tstd:435.1,Bpos:371.6,Bstd:225.9,StrandBias:0.1,Multiplicity:1.12
0.265	0.733	0.001	0.001
0.002	0.001	0.893	0.104
0.134	0.743	0.025	0.098
0.064	0.905	0.001	0.030
0.234	0.001	0.001	0.764
0.806	0.001	0.043	0.150
0.889	0.001	0.002	0.108
0.062	0.765	0.075	0.098
>CGCCAGTC	17-CGCCAGTC	5.648573	-292.729187	0	T:3581.0(8.70%),B:2288.5(5.75%),P:1e-127	Tpos:600.4,Tstd:438.0,Bpos:372.8,Bstd:242.9,StrandBias:0.2,Multiplicity:1.10
0.001	0.997	0.001	0.001
0.001	0.001	0.997	0.001
0.082	0.755	0.001	0.162
0.001	0.997	0.001	0.001
0.997	0.001	0.001	0.001
0.001	0.174	0.824	0.001
0.001	0.001	0.001	0.997
0.001	0.842	0.001	0.156
>TTGCAACG	18-TTGCAACG	6.318981	-283.957502	0	T:11392.0(27.69%),B:9029.7(22.69%),P:1e-123	Tpos:497.5,Tstd:413.9,Bpos:370.7,Bstd:232.1,StrandBias:-0.0,Multiplicity:1.21
0.001	0.001	0.001	0.997
0.129	0.186	0.001	0.684
0.106	0.043	0.796	0.055
0.001	0.997	0.001	0.001
0.831	0.001	0.127	0.041
0.601	0.001	0.396	0.002
0.001	0.819	0.001	0.179
0.285	0.278	0.436	0.001
>GGGAGGGA	19-GGGAGGGA	6.444735	-264.713034	0	T:10981.0(26.69%),B:8724.6(21.92%),P:1e-114	Tpos:555.4,Tstd:439.2,Bpos:368.3,Bstd:220.0,StrandBias:-0.0,Multiplicity:1.36
0.001	0.001	0.997	0.001
0.001	0.099	0.899	0.001
0.004	0.001	0.972	0.023
0.997	0.001	0.001	0.001
0.001	0.001	0.997	0.001
0.001	0.001	0.611	0.387
0.261	0.001	0.716	0.022
0.997	0.001	0.001	0.001
>AGCCAATT	20-AGCCAATT	3.830737	-226.046203	0	T:13729.0(33.37%),B:11383.7(28.60%),P:1e-98	Tpos:474.3,Tstd:397.5,Bpos:374.2,Bstd:222.1,StrandBias:0.0,Multiplicity:1.27
0.846	0.001	0.001	0.152
0.001	0.001	0.997	0.001
0.001	0.997	0.001	0.001
0.001	0.997	0.001	0.001
0.997	0.001	0.001	0.001
0.997	0.001	0.001	0.001
0.001	0.001	0.154	0.844
0.067	0.001	0.079	0.853
>TTGATCCG	21-TTGATCCG	6.826945	-204.673430	0	T:4228.0(10.28%),B:2999.6(7.54%),P:1e-88	Tpos:502.9,Tstd:425.5,Bpos:368.0,Bstd:219.2,StrandBias:0.0,Multiplicity:1.07
0.096	0.108	0.001	0.795
0.023	0.001	0.001	0.975
0.001	0.057	0.941	0.001
0.882	0.001	0.049	0.068
0.001	0.001	0.073	0.925
0.030	0.919	0.039	0.012
0.068	0.799	0.001	0.132
0.028	0.134	0.759	0.079
>AGCGGAAA	22-AGCGGAAA	3.922500	-188.494603	0	T:3142.0(7.64%),B:2138.4(5.37%),P:1e-81	Tpos:596.2,Tstd:455.0,Bpos:374.7,Bstd:239.1,StrandBias:0.1,Multiplicity:1.10
0.997	0.001	0.001	0.001
0.001	0.001	0.997	0.001
0.001	0.997	0.001	0.001
0.001	0.001	0.997	0.001
0.001	0.001	0.997	0.001
0.879	0.001	0.001	0.119
0.785	0.213	0.001	0.001
0.997	0.001	0.001	0.001
>ATTAACGA	23-ATTAACGA	-2.217820	-163.705199	0	T:22435.0(54.53%),B:19949.8(50.13%),P:1e-71	Tpos:451.0,Tstd:385.7,Bpos:370.3,Bstd:220.9,StrandBias:0.0,Multiplicity:1.63
0.992	0.001	0.006	0.001
0.001	0.001	0.001	0.997
0.001	0.001	0.001	0.997
0.997	0.001	0.001	0.001
0.997	0.001	0.001	0.001
0.001	0.997	0.001	0.001
0.001	0.281	0.717	0.001
0.746	0.252	0.001	0.001
>CATCGCGA	24-CATCGCGA	8.236954	-125.638083	0	T:191.0(0.46%),B:46.2(0.12%),P:1e-54	Tpos:720.4,Tstd:465.0,Bpos:333.1,Bstd:268.0,StrandBias:-0.1,Multiplicity:1.00
0.100	0.700	0.100	0.100
0.700	0.100	0.100	0.100
0.100	0.100	0.100	0.700
0.100	0.700	0.100	0.100
0.100	0.100	0.700	0.100
0.100	0.700	0.100	0.100
0.100	0.100	0.700	0.100
0.700	0.100	0.100	0.100
>TTGAGCAA	25-TTGAGCAA	8.236954	-57.939749	0	T:1005.0(2.44%),B:688.0(1.73%),P:1e-25	Tpos:436.8,Tstd:356.2,Bpos:371.6,Bstd:218.3,StrandBias:-0.1,Multiplicity:1.02
0.100	0.100	0.100	0.700
0.100	0.100	0.100	0.700
0.100	0.100	0.700	0.100
0.700	0.100	0.100	0.100
0.100	0.100	0.700	0.100
0.100	0.700	0.100	0.100
0.700	0.100	0.100	0.100
0.700	0.100	0.100	0.100
