>GTWGTTAGACCG	22-GTWGTTAGACCG,BestGuess:M1BP/MA1459.1/Jaspar(0.602)	9.213675	-184.645862	0	T:82.0(0.33%),B:3.4(0.02%),P:1e-80
0.022	0.085	0.769	0.124
0.078	0.274	0.132	0.516
0.411	0.114	0.211	0.264
0.124	0.053	0.682	0.141
0.200	0.081	0.113	0.606
0.026	0.172	0.278	0.524
0.731	0.075	0.183	0.011
0.104	0.219	0.670	0.007
0.524	0.197	0.232	0.047
0.009	0.731	0.251	0.009
0.094	0.687	0.114	0.105
0.139	0.226	0.578	0.057
