>NGWAYDRCGAAA	4-NGWAYDRCGAAA	4.944263	-764.249067	0	T:9342.0(37.76%),B:5696.3(26.41%),P:1e-331
0.250	0.280	0.274	0.197
0.225	0.164	0.408	0.203
0.388	0.053	0.130	0.430
0.526	0.198	0.105	0.171
0.053	0.382	0.185	0.380
0.211	0.129	0.342	0.319
0.359	0.017	0.422	0.202
0.023	0.907	0.001	0.069
0.030	0.033	0.841	0.096
0.500	0.201	0.109	0.190
0.772	0.078	0.084	0.066
0.481	0.209	0.096	0.214
