>CCGAWAWTWTCGGAN	CDM1(C3H)/colamp-CDM1-DAP-Seq(GSE60143)/Homer	6.769976	-64.162916	0	T:1032.0(2.51%),B:696.7(1.75%),P:1e-27
0.065	0.659	0.233	0.043
0.041	0.956	0.002	0.001
0.019	0.001	0.835	0.145
0.687	0.058	0.151	0.104
0.388	0.156	0.173	0.284
0.543	0.045	0.084	0.328
0.481	0.028	0.021	0.471
0.323	0.084	0.037	0.556
0.298	0.177	0.143	0.382
0.095	0.156	0.046	0.703
0.135	0.844	0.001	0.020
0.001	0.001	0.964	0.034
0.046	0.246	0.639	0.069
0.397	0.165	0.209	0.230
0.307	0.170	0.313	0.211
