>NSTTCTTCGGNB	15-NSTTCTTCGGNB	4.663491	-394.193981	0	T:14503.0(58.61%),B:10731.2(49.76%),P:1e-171
0.208	0.312	0.278	0.202
0.178	0.299	0.369	0.153
0.247	0.113	0.072	0.568
0.229	0.105	0.072	0.594
0.213	0.445	0.131	0.211
0.282	0.014	0.162	0.542
0.291	0.085	0.051	0.573
0.092	0.771	0.067	0.070
0.013	0.102	0.835	0.050
0.211	0.057	0.612	0.120
0.214	0.290	0.280	0.217
0.156	0.307	0.337	0.200
