>CGGTCGCTTTTC	13-CGGTCGCTTTTC	7.989638	-445.236646	0	T:3480.0(14.06%),B:1806.9(8.38%),P:1e-193
0.072	0.749	0.101	0.078
0.082	0.128	0.691	0.099
0.032	0.130	0.766	0.072
0.083	0.177	0.121	0.619
0.064	0.731	0.125	0.080
0.092	0.132	0.679	0.097
0.025	0.849	0.068	0.058
0.046	0.104	0.078	0.772
0.024	0.086	0.088	0.802
0.015	0.121	0.066	0.798
0.039	0.148	0.091	0.722
0.043	0.821	0.080	0.056
