>AGTCGGGCCGGA	18-TCCGGCCCGACT	9.895452	-340.525351	0	T:2105.0(8.51%),B:1003.4(4.65%),P:1e-147
0.809	0.061	0.081	0.049
0.019	0.013	0.924	0.044
0.060	0.164	0.123	0.653
0.071	0.796	0.090	0.043
0.090	0.049	0.814	0.047
0.023	0.024	0.929	0.024
0.017	0.038	0.896	0.049
0.060	0.830	0.059	0.051
0.052	0.803	0.065	0.080
0.040	0.039	0.900	0.021
0.027	0.053	0.919	0.001
0.728	0.105	0.149	0.018
