>TTGCGCATGCGC	9-TTGCGCATGCGC,BestGuess:NRF1(NRF)/MCF7-NRF1-ChIP-Seq(Unpublished)/Homer(0.957)	9.252908	-596.365026	0	T:2746.0(11.10%),B:1180.3(5.47%),P:1e-258
0.099	0.188	0.142	0.571
0.079	0.139	0.125	0.657
0.093	0.092	0.776	0.039
0.054	0.802	0.084	0.060
0.055	0.070	0.828	0.047
0.046	0.840	0.082	0.032
0.609	0.175	0.122	0.094
0.091	0.126	0.166	0.617
0.030	0.098	0.832	0.040
0.053	0.819	0.067	0.061
0.047	0.074	0.813	0.066
0.028	0.836	0.069	0.067
