>CGGTCTAACWAC	22-GTWGTTAGACCG	9.213675	-184.645862	0	T:82.0(0.33%),B:3.4(0.02%),P:1e-80
0.057	0.578	0.226	0.139
0.105	0.114	0.687	0.094
0.009	0.251	0.731	0.009
0.047	0.232	0.197	0.524
0.007	0.670	0.219	0.104
0.011	0.183	0.075	0.731
0.524	0.278	0.172	0.026
0.606	0.113	0.081	0.200
0.141	0.682	0.053	0.124
0.264	0.211	0.114	0.411
0.516	0.132	0.274	0.078
0.124	0.769	0.085	0.022
