>ACTACAAYTCCC	6-GGGARTTGTAGT	10.598115	-733.989719	0	T:1339.0(5.41%),B:337.5(1.57%),P:1e-318
0.872	0.064	0.036	0.028
0.026	0.946	0.011	0.017
0.020	0.076	0.014	0.890
0.852	0.047	0.080	0.021
0.014	0.958	0.013	0.015
0.814	0.087	0.059	0.040
0.635	0.132	0.068	0.165
0.076	0.405	0.101	0.418
0.026	0.108	0.034	0.832
0.024	0.895	0.011	0.070
0.012	0.962	0.003	0.023
0.013	0.927	0.020	0.040
