>VSTTCCGGTCNN	3-VSTTCCGGTCNN	4.919273	-872.650439	0	T:11334.0(45.81%),B:7123.4(33.03%),P:1e-378
0.361	0.213	0.224	0.202
0.215	0.373	0.262	0.151
0.162	0.142	0.185	0.511
0.202	0.090	0.090	0.618
0.230	0.558	0.088	0.124
0.051	0.703	0.211	0.035
0.051	0.149	0.749	0.051
0.270	0.095	0.460	0.175
0.114	0.055	0.046	0.785
0.283	0.447	0.127	0.144
0.230	0.285	0.304	0.182
0.316	0.255	0.244	0.185
