>CGGACACTACGT	20-CGGACACTACGT	9.082828	-213.834290	0	T:68.0(0.27%),B:1.6(0.01%),P:1e-92
0.098	0.702	0.108	0.092
0.103	0.097	0.706	0.094
0.077	0.108	0.754	0.061
0.626	0.141	0.131	0.102
0.121	0.687	0.141	0.051
0.633	0.113	0.129	0.125
0.063	0.745	0.122	0.070
0.111	0.138	0.156	0.595
0.583	0.144	0.157	0.116
0.103	0.666	0.143	0.088
0.084	0.111	0.689	0.116
0.103	0.131	0.150	0.616
