>GTCACGTGACCG	19-CGGTCACGTGAC	9.529246	-263.279465	0	T:1226.0(4.95%),B:522.1(2.42%),P:1e-114
0.120	0.199	0.658	0.023
0.040	0.199	0.046	0.715
0.003	0.971	0.025	0.001
0.855	0.132	0.012	0.001
0.024	0.769	0.136	0.071
0.067	0.091	0.837	0.005
0.014	0.014	0.123	0.849
0.001	0.018	0.980	0.001
0.759	0.032	0.204	0.005
0.024	0.742	0.154	0.080
0.103	0.484	0.237	0.177
0.146	0.308	0.471	0.075
