>ACGCCGGAAGTT	12-ACGCCGGAAGTT	7.328131	-486.055831	0	T:5586.0(22.58%),B:3255.4(15.09%),P:1e-211
0.625	0.197	0.127	0.051
0.104	0.744	0.106	0.046
0.017	0.147	0.823	0.013
0.023	0.921	0.050	0.006
0.052	0.822	0.036	0.090
0.053	0.040	0.878	0.029
0.016	0.004	0.972	0.008
0.900	0.026	0.053	0.021
0.895	0.018	0.080	0.007
0.006	0.036	0.938	0.020
0.020	0.106	0.032	0.842
0.051	0.062	0.246	0.641
