>GCGCATGCGCAA	9-TTGCGCATGCGC	9.252908	-596.365026	0	T:2746.0(11.10%),B:1180.3(5.47%),P:1e-258
0.067	0.069	0.836	0.028
0.066	0.813	0.074	0.047
0.061	0.067	0.819	0.053
0.040	0.832	0.098	0.030
0.617	0.166	0.126	0.091
0.094	0.122	0.175	0.609
0.032	0.082	0.840	0.046
0.047	0.828	0.070	0.055
0.060	0.084	0.802	0.054
0.039	0.776	0.092	0.093
0.657	0.125	0.139	0.079
0.571	0.142	0.188	0.099
