>CGTCGGTAGCGG	16-CGTCGGTAGCGG,BestGuess:AT3G57600/MA1242.1/Jaspar(0.689)	6.265642	-375.991085	0	T:15364.0(62.09%),B:11539.0(53.50%),P:1e-163
0.119	0.658	0.132	0.091
0.069	0.141	0.684	0.106
0.097	0.147	0.181	0.575
0.104	0.677	0.129	0.090
0.089	0.140	0.678	0.093
0.068	0.142	0.717	0.073
0.140	0.181	0.154	0.525
0.582	0.145	0.157	0.116
0.093	0.103	0.747	0.057
0.090	0.714	0.116	0.080
0.089	0.110	0.709	0.092
0.090	0.105	0.736	0.069
