>AAWACGTCGMTT	10-AAWACGTCGMTT	5.289391	-585.452313	0	T:7680.0(31.04%),B:4681.4(21.71%),P:1e-254
0.526	0.105	0.072	0.297
0.520	0.122	0.071	0.287
0.428	0.054	0.026	0.492
0.649	0.220	0.044	0.087
0.043	0.459	0.211	0.287
0.105	0.075	0.558	0.262
0.235	0.039	0.282	0.445
0.029	0.887	0.028	0.056
0.042	0.058	0.867	0.033
0.275	0.406	0.216	0.102
0.103	0.123	0.308	0.466
0.075	0.109	0.307	0.509
