>ACTTCCGS	1-ACTTCCGS	6.974504	-2729.829829	0	T:17796.0(46.73%),B:8521.9(28.81%),P:1e-1185	Tpos:652.7,Tstd:395.5,Bpos:555.0,Bstd:520.4,StrandBias:0.0,Multiplicity:1.63
0.517	0.001	0.323	0.159
0.035	0.585	0.044	0.336
0.001	0.001	0.001	0.997
0.001	0.001	0.001	0.997
0.001	0.742	0.001	0.256
0.001	0.997	0.001	0.001
0.001	0.021	0.977	0.001
0.069	0.419	0.425	0.087
>TKWCGCDA	2-TKWCGCDA	5.101767	-2182.128515	0	T:18320.0(48.11%),B:9412.7(31.82%),P:1e-947	Tpos:671.0,Tstd:438.4,Bpos:567.9,Bstd:511.1,StrandBias:-0.0,Multiplicity:1.61
0.145	0.001	0.088	0.766
0.164	0.164	0.371	0.300
0.512	0.038	0.051	0.399
0.017	0.957	0.001	0.025
0.001	0.001	0.997	0.001
0.001	0.691	0.001	0.307
0.237	0.170	0.349	0.245
0.697	0.066	0.093	0.144
>CGMCGTAA	3-CGMCGTAA	5.799305	-2011.088681	0	T:16560.0(43.48%),B:8355.3(28.25%),P:1e-873	Tpos:678.1,Tstd:440.4,Bpos:563.7,Bstd:539.1,StrandBias:-0.1,Multiplicity:1.46
0.001	0.997	0.001	0.001
0.001	0.001	0.904	0.094
0.399	0.524	0.076	0.001
0.228	0.770	0.001	0.001
0.130	0.281	0.518	0.071
0.274	0.001	0.229	0.496
0.628	0.001	0.001	0.370
0.907	0.001	0.091	0.001
>WCGTTYCG	4-WCGTTYCG	5.809977	-1766.523726	0	T:18861.0(49.53%),B:10261.2(34.69%),P:1e-767	Tpos:687.1,Tstd:430.4,Bpos:567.9,Bstd:543.8,StrandBias:-0.1,Multiplicity:1.58
0.337	0.175	0.077	0.412
0.307	0.474	0.103	0.117
0.038	0.069	0.555	0.338
0.157	0.209	0.057	0.577
0.001	0.272	0.001	0.726
0.002	0.550	0.033	0.415
0.001	0.997	0.001	0.001
0.001	0.013	0.985	0.001
>GCGNWATV	5-GCGNWATV	4.937795	-1704.908956	0	T:22171.0(58.22%),B:12814.3(43.32%),P:1e-740	Tpos:681.4,Tstd:438.2,Bpos:557.4,Bstd:546.9,StrandBias:0.0,Multiplicity:1.77
0.165	0.083	0.505	0.247
0.009	0.981	0.001	0.009
0.001	0.033	0.965	0.001
0.188	0.317	0.244	0.251
0.505	0.001	0.001	0.493
0.550	0.063	0.001	0.386
0.228	0.170	0.215	0.387
0.294	0.347	0.206	0.153
>GCGCGATA	6-GCGCGATA	4.678115	-1680.876429	0	T:19420.0(50.99%),B:10774.8(36.43%),P:1e-729	Tpos:685.9,Tstd:419.2,Bpos:563.4,Bstd:578.1,StrandBias:0.0,Multiplicity:1.46
0.151	0.189	0.541	0.119
0.098	0.724	0.114	0.064
0.062	0.102	0.774	0.062
0.151	0.657	0.110	0.082
0.140	0.068	0.623	0.169
0.528	0.184	0.131	0.157
0.198	0.113	0.151	0.538
0.615	0.100	0.106	0.179
>WACGGWCG	7-WACGGWCG	5.117063	-1624.523731	0	T:17770.0(46.66%),B:9642.8(32.60%),P:1e-705	Tpos:686.1,Tstd:449.8,Bpos:558.0,Bstd:544.1,StrandBias:-0.1,Multiplicity:1.46
0.457	0.001	0.001	0.541
0.635	0.096	0.001	0.268
0.174	0.824	0.001	0.001
0.001	0.001	0.887	0.111
0.050	0.217	0.455	0.278
0.421	0.179	0.040	0.361
0.085	0.747	0.001	0.167
0.001	0.066	0.751	0.182
>GYWACCGG	8-GYWACCGG	4.580414	-1485.394535	0	T:22842.0(59.98%),B:13626.8(46.07%),P:1e-645	Tpos:687.8,Tstd:439.2,Bpos:560.0,Bstd:542.4,StrandBias:0.0,Multiplicity:1.73
0.083	0.207	0.550	0.160
0.086	0.290	0.200	0.425
0.490	0.076	0.072	0.362
0.649	0.077	0.143	0.131
0.197	0.521	0.200	0.082
0.009	0.729	0.196	0.066
0.082	0.238	0.657	0.023
0.191	0.255	0.451	0.103
>CGGWSTWA	9-CGGWSTWA	5.235435	-1392.672309	0	T:21046.0(55.26%),B:12372.8(41.83%),P:1e-604	Tpos:681.6,Tstd:448.4,Bpos:562.9,Bstd:527.6,StrandBias:-0.0,Multiplicity:1.55
0.001	0.997	0.001	0.001
0.001	0.060	0.938	0.001
0.001	0.001	0.964	0.034
0.444	0.188	0.001	0.367
0.001	0.497	0.371	0.131
0.189	0.284	0.050	0.477
0.422	0.001	0.073	0.504
0.829	0.001	0.041	0.129
>ACTCCGCC	10-ACTCCGCC	7.291149	-1313.071553	0	T:22540.0(59.19%),B:13637.1(46.10%),P:1e-570	Tpos:681.1,Tstd:397.5,Bpos:558.4,Bstd:570.7,StrandBias:-0.1,Multiplicity:2.32
0.841	0.001	0.157	0.001
0.212	0.604	0.182	0.002
0.001	0.301	0.001	0.697
0.064	0.934	0.001	0.001
0.001	0.997	0.001	0.001
0.001	0.001	0.997	0.001
0.001	0.997	0.001	0.001
0.001	0.997	0.001	0.001
>CGCCATCT	11-CGCCATCT	8.131859	-1256.767042	0	T:5415.0(14.22%),B:2033.6(6.88%),P:1e-545	Tpos:686.3,Tstd:397.8,Bpos:563.8,Bstd:522.5,StrandBias:-0.2,Multiplicity:1.12
0.001	0.997	0.001	0.001
0.001	0.001	0.997	0.001
0.001	0.997	0.001	0.001
0.001	0.997	0.001	0.001
0.997	0.001	0.001	0.001
0.001	0.001	0.001	0.997
0.053	0.513	0.093	0.341
0.001	0.001	0.001	0.997
>STCCGCTA	12-STCCGCTA	4.449966	-1244.196493	0	T:24549.0(64.46%),B:15328.8(51.82%),P:1e-540	Tpos:688.1,Tstd:430.2,Bpos:557.2,Bstd:549.3,StrandBias:-0.0,Multiplicity:1.74
0.096	0.376	0.451	0.077
0.154	0.078	0.251	0.517
0.279	0.453	0.041	0.227
0.014	0.684	0.234	0.068
0.045	0.068	0.814	0.073
0.147	0.527	0.152	0.174
0.219	0.093	0.165	0.523
0.527	0.166	0.176	0.131
>AAGCGKCG	13-AAGCGKCG	5.988485	-1232.881038	0	T:17818.0(46.79%),B:10190.7(34.45%),P:1e-535	Tpos:693.1,Tstd:447.3,Bpos:560.1,Bstd:536.8,StrandBias:-0.0,Multiplicity:1.42
0.754	0.065	0.100	0.081
0.959	0.039	0.001	0.001
0.059	0.001	0.633	0.307
0.157	0.790	0.052	0.001
0.012	0.001	0.967	0.020
0.251	0.001	0.333	0.415
0.198	0.503	0.001	0.298
0.001	0.133	0.865	0.001
>GCCAATCG	14-GCCAATCG	6.227683	-1183.946598	0	T:10391.0(27.29%),B:5109.0(17.27%),P:1e-514	Tpos:617.2,Tstd:385.7,Bpos:557.4,Bstd:492.6,StrandBias:0.0,Multiplicity:1.42
0.105	0.054	0.804	0.037
0.006	0.982	0.001	0.011
0.016	0.952	0.006	0.026
0.958	0.001	0.010	0.031
0.981	0.001	0.017	0.001
0.012	0.001	0.001	0.986
0.069	0.810	0.095	0.026
0.204	0.092	0.703	0.001
>CTAAGTCG	15-CTAAGTCG	5.481105	-1180.258029	0	T:21251.0(55.80%),B:12841.4(43.41%),P:1e-512	Tpos:695.8,Tstd:438.3,Bpos:556.3,Bstd:531.1,StrandBias:-0.0,Multiplicity:1.57
0.110	0.604	0.285	0.001
0.100	0.024	0.171	0.705
0.642	0.356	0.001	0.001
0.670	0.150	0.179	0.001
0.215	0.249	0.535	0.001
0.157	0.251	0.089	0.503
0.001	0.893	0.060	0.046
0.001	0.001	0.997	0.001
>GCGACTAG	16-GCGACTAG	4.898414	-1176.839901	0	T:18462.0(48.48%),B:10745.4(36.33%),P:1e-511	Tpos:694.4,Tstd:432.5,Bpos:555.8,Bstd:538.8,StrandBias:0.0,Multiplicity:1.55
0.097	0.181	0.633	0.089
0.072	0.725	0.117	0.086
0.082	0.095	0.744	0.079
0.580	0.141	0.195	0.084
0.148	0.555	0.141	0.156
0.091	0.079	0.154	0.676
0.541	0.204	0.133	0.122
0.184	0.178	0.547	0.091
>CGAACKAC	17-CGAACKAC	5.027828	-1158.864275	0	T:19694.0(51.71%),B:11692.0(39.53%),P:1e-503	Tpos:685.6,Tstd:437.2,Bpos:562.2,Bstd:529.0,StrandBias:-0.1,Multiplicity:1.55
0.059	0.892	0.048	0.001
0.095	0.001	0.817	0.087
0.779	0.062	0.045	0.114
0.566	0.297	0.046	0.091
0.090	0.874	0.012	0.024
0.165	0.201	0.265	0.370
0.530	0.038	0.356	0.076
0.042	0.576	0.113	0.269
>KACGGGAA	18-KACGGGAA	5.429935	-1111.147146	0	T:21886.0(57.47%),B:13439.9(45.44%),P:1e-482	Tpos:685.1,Tstd:455.0,Bpos:567.1,Bstd:522.1,StrandBias:0.0,Multiplicity:1.51
0.213	0.065	0.370	0.352
0.716	0.001	0.001	0.282
0.001	0.997	0.001	0.001
0.001	0.001	0.997	0.001
0.191	0.001	0.807	0.001
0.310	0.028	0.661	0.001
0.997	0.001	0.001	0.001
0.738	0.053	0.115	0.094
>TYWGGCGC	19-TYWGGCGC	3.416727	-1073.916428	0	T:20979.0(55.09%),B:12801.0(43.28%),P:1e-466	Tpos:698.1,Tstd:423.7,Bpos:564.0,Bstd:577.8,StrandBias:0.1,Multiplicity:1.58
0.001	0.001	0.014	0.984
0.001	0.514	0.001	0.484
0.499	0.001	0.001	0.499
0.001	0.001	0.997	0.001
0.001	0.001	0.994	0.004
0.001	0.997	0.001	0.001
0.001	0.001	0.997	0.001
0.007	0.991	0.001	0.001
>GGGCGGGA	20-GGGCGGGA	9.165513	-945.798124	0	T:11827.0(31.06%),B:6359.1(21.50%),P:1e-410	Tpos:688.5,Tstd:408.8,Bpos:564.9,Bstd:571.0,StrandBias:0.0,Multiplicity:1.34
0.149	0.001	0.849	0.001
0.001	0.001	0.997	0.001
0.001	0.001	0.997	0.001
0.001	0.997	0.001	0.001
0.001	0.001	0.997	0.001
0.001	0.001	0.997	0.001
0.001	0.001	0.997	0.001
0.997	0.001	0.001	0.001
>CGAGTAAA	21-CGAGTAAA	5.756011	-880.068881	0	T:12863.0(33.78%),B:7168.4(24.24%),P:1e-382	Tpos:673.6,Tstd:482.1,Bpos:562.7,Bstd:507.9,StrandBias:0.1,Multiplicity:1.20
0.001	0.910	0.023	0.066
0.001	0.001	0.997	0.001
0.939	0.001	0.001	0.059
0.081	0.007	0.895	0.017
0.001	0.057	0.151	0.791
0.707	0.162	0.092	0.039
0.997	0.001	0.001	0.001
0.788	0.210	0.001	0.001
>YACGTGAT	22-YACGTGAT	6.884634	-792.111723	0	T:6662.0(17.49%),B:3166.5(10.71%),P:1e-344	Tpos:662.5,Tstd:436.3,Bpos:560.5,Bstd:475.7,StrandBias:-0.0,Multiplicity:1.13
0.004	0.429	0.001	0.566
0.860	0.077	0.001	0.062
0.001	0.997	0.001	0.001
0.001	0.001	0.997	0.001
0.029	0.064	0.001	0.906
0.001	0.290	0.617	0.092
0.619	0.001	0.241	0.139
0.001	0.210	0.001	0.788
>CACTTCCT	23-CACTTCCT	6.610564	-705.525136	0	T:8884.0(23.33%),B:4709.8(15.92%),P:1e-306	Tpos:635.7,Tstd:470.3,Bpos:565.2,Bstd:438.6,StrandBias:-0.1,Multiplicity:1.17
0.199	0.558	0.110	0.133
0.997	0.001	0.001	0.001
0.001	0.997	0.001	0.001
0.001	0.001	0.001	0.997
0.001	0.001	0.001	0.997
0.001	0.997	0.001	0.001
0.001	0.940	0.058	0.001
0.001	0.001	0.001	0.997
>CGTTGCAA	24-CGTTGCAA	6.937559	-587.752332	0	T:4547.0(11.94%),B:2085.5(7.05%),P:1e-255	Tpos:644.2,Tstd:453.3,Bpos:553.1,Bstd:475.2,StrandBias:-0.1,Multiplicity:1.07
0.001	0.866	0.001	0.132
0.001	0.024	0.974	0.001
0.001	0.034	0.001	0.964
0.035	0.001	0.192	0.772
0.001	0.065	0.933	0.001
0.037	0.961	0.001	0.001
0.755	0.131	0.008	0.106
0.816	0.001	0.048	0.135
>AGTTGTAG	25-AGTTGTAG	8.796296	-291.875769	0	T:1281.0(3.36%),B:472.7(1.60%),P:1e-126	Tpos:625.2,Tstd:399.5,Bpos:559.0,Bstd:431.6,StrandBias:0.0,Multiplicity:1.07
0.997	0.001	0.001	0.001
0.001	0.001	0.997	0.001
0.001	0.001	0.001	0.997
0.001	0.103	0.001	0.895
0.001	0.001	0.997	0.001
0.001	0.001	0.001	0.997
0.997	0.001	0.001	0.001
0.001	0.001	0.997	0.001
