>CACTAGRKGG	1-CACTAGRKGG	8.325147	-6347.338965	0	T:14524.0(18.21%),B:4940.2(6.43%),P:1e-2756	Tpos:368.5,Tstd:303.7,Bpos:375.1,Bstd:223.2,StrandBias:0.0,Multiplicity:1.06
0.004	0.980	0.008	0.008
0.871	0.004	0.077	0.048
0.015	0.792	0.192	0.001
0.119	0.323	0.018	0.540
0.991	0.007	0.001	0.001
0.002	0.007	0.986	0.005
0.439	0.027	0.522	0.012
0.012	0.016	0.513	0.459
0.005	0.030	0.962	0.003
0.011	0.008	0.924	0.057
>BATTGCGYAA	2-BATTGCGYAA	6.122821	-3996.043257	0	T:25686.0(32.21%),B:14531.1(18.91%),P:1e-1735	Tpos:433.2,Tstd:321.1,Bpos:381.6,Bstd:228.4,StrandBias:-0.0,Multiplicity:1.31
0.185	0.224	0.353	0.238
0.483	0.194	0.284	0.039
0.001	0.017	0.004	0.978
0.007	0.029	0.158	0.806
0.307	0.005	0.498	0.189
0.079	0.719	0.052	0.150
0.240	0.096	0.544	0.120
0.218	0.422	0.007	0.353
0.655	0.300	0.021	0.024
0.963	0.012	0.024	0.001
>ACTTCCGGTT	3-ACTTCCGGTT	6.526022	-2630.520012	0	T:29984.0(37.59%),B:19895.2(25.90%),P:1e-1142	Tpos:474.7,Tstd:355.9,Bpos:381.8,Bstd:230.2,StrandBias:-0.0,Multiplicity:1.37
0.567	0.056	0.338	0.039
0.013	0.452	0.253	0.282
0.066	0.001	0.072	0.861
0.001	0.007	0.018	0.974
0.016	0.658	0.023	0.303
0.006	0.908	0.071	0.015
0.144	0.196	0.406	0.255
0.018	0.314	0.495	0.172
0.142	0.199	0.142	0.517
0.135	0.264	0.131	0.471
>TGAMCTTTGV	4-TGAMCTTTGV	7.090439	-2458.555330	0	T:25600.0(32.10%),B:16443.8(21.40%),P:1e-1067	Tpos:448.0,Tstd:333.5,Bpos:378.3,Bstd:223.9,StrandBias:0.0,Multiplicity:1.27
0.100	0.093	0.067	0.740
0.104	0.012	0.855	0.029
0.576	0.114	0.261	0.049
0.484	0.471	0.007	0.038
0.001	0.982	0.011	0.006
0.004	0.062	0.006	0.928
0.031	0.196	0.030	0.743
0.053	0.005	0.018	0.924
0.100	0.061	0.781	0.058
0.241	0.329	0.259	0.170
>VTKAKGTAAB	5-VTKAKGTAAB	7.221426	-2254.710395	0	T:26473.0(33.19%),B:17498.4(22.78%),P:1e-979	Tpos:436.1,Tstd:339.2,Bpos:379.5,Bstd:221.4,StrandBias:0.0,Multiplicity:1.20
0.377	0.283	0.339	0.001
0.001	0.024	0.001	0.974
0.015	0.060	0.532	0.393
0.610	0.001	0.016	0.373
0.197	0.018	0.338	0.446
0.001	0.001	0.997	0.001
0.196	0.273	0.001	0.530
0.690	0.308	0.001	0.001
0.997	0.001	0.001	0.001
0.001	0.377	0.255	0.367
>GCGCCCTCTA	6-GCGCCCTCTA	5.668508	-2176.126370	0	T:18707.0(23.45%),B:11236.0(14.62%),P:1e-945	Tpos:553.2,Tstd:405.6,Bpos:384.7,Bstd:249.4,StrandBias:0.1,Multiplicity:1.29
0.001	0.057	0.893	0.049
0.010	0.918	0.021	0.051
0.001	0.001	0.997	0.001
0.013	0.941	0.023	0.023
0.024	0.961	0.014	0.001
0.086	0.912	0.001	0.001
0.036	0.025	0.050	0.889
0.001	0.910	0.030	0.059
0.001	0.001	0.016	0.982
0.672	0.073	0.217	0.038
>TGASTCABCN	7-TGASTCABCN	6.537433	-1816.275015	0	T:16891.0(21.18%),B:10300.2(13.41%),P:1e-788	Tpos:437.3,Tstd:330.0,Bpos:380.9,Bstd:221.7,StrandBias:-0.0,Multiplicity:1.17
0.037	0.080	0.007	0.876
0.014	0.001	0.857	0.128
0.894	0.011	0.017	0.078
0.083	0.454	0.399	0.063
0.050	0.030	0.059	0.861
0.168	0.748	0.052	0.032
0.880	0.040	0.071	0.009
0.101	0.251	0.277	0.371
0.185	0.482	0.162	0.171
0.222	0.213	0.354	0.211
>HVRGYAAACA	8-HVRGYAAACA	7.419645	-1555.010356	0	T:23986.0(30.07%),B:16612.6(21.62%),P:1e-675	Tpos:438.7,Tstd:328.4,Bpos:378.1,Bstd:227.8,StrandBias:-0.0,Multiplicity:1.27
0.330	0.224	0.089	0.357
0.326	0.242	0.342	0.090
0.400	0.048	0.306	0.246
0.301	0.001	0.697	0.001
0.001	0.466	0.018	0.515
0.638	0.251	0.001	0.110
0.948	0.050	0.001	0.001
0.997	0.001	0.001	0.001
0.001	0.642	0.001	0.356
0.955	0.043	0.001	0.001
>AATGATTAAC	9-AATGATTAAC	8.629578	-1159.195437	0	T:4674.0(5.86%),B:2065.6(2.69%),P:1e-503	Tpos:427.9,Tstd:296.0,Bpos:379.9,Bstd:228.4,StrandBias:0.0,Multiplicity:1.06
0.897	0.036	0.049	0.018
0.802	0.112	0.011	0.075
0.088	0.086	0.012	0.814
0.032	0.336	0.570	0.062
0.812	0.029	0.055	0.104
0.025	0.085	0.163	0.727
0.019	0.032	0.019	0.930
0.658	0.187	0.045	0.110
0.886	0.066	0.047	0.001
0.014	0.906	0.001	0.079
>YGNGKMAAYD	10-YGNGKMAAYD	5.989231	-1116.551925	0	T:19649.0(24.64%),B:13791.1(17.95%),P:1e-484	Tpos:479.8,Tstd:368.3,Bpos:383.3,Bstd:230.5,StrandBias:-0.1,Multiplicity:1.17
0.079	0.454	0.030	0.436
0.084	0.104	0.714	0.098
0.231	0.287	0.222	0.260
0.065	0.044	0.800	0.091
0.047	0.059	0.410	0.484
0.452	0.460	0.034	0.054
0.723	0.043	0.185	0.049
0.527	0.345	0.056	0.072
0.125	0.371	0.027	0.477
0.368	0.084	0.293	0.254
>RGTTTCACTT	11-RGTTTCACTT	9.016807	-1102.941931	0	T:6615.0(8.29%),B:3438.0(4.47%),P:1e-478	Tpos:449.8,Tstd:333.9,Bpos:381.4,Bstd:228.2,StrandBias:0.0,Multiplicity:1.07
0.490	0.001	0.508	0.001
0.001	0.335	0.663	0.001
0.001	0.025	0.025	0.949
0.042	0.001	0.025	0.932
0.001	0.001	0.054	0.944
0.076	0.858	0.027	0.039
0.812	0.026	0.001	0.161
0.024	0.525	0.330	0.121
0.106	0.080	0.010	0.804
0.125	0.028	0.001	0.846
>NGTTTSCGGD	12-NGTTTSCGGD	5.933596	-1053.725373	0	T:31010.0(38.88%),B:23984.9(31.22%),P:1e-457	Tpos:489.7,Tstd:372.4,Bpos:380.9,Bstd:234.9,StrandBias:-0.1,Multiplicity:1.28
0.294	0.285	0.166	0.255
0.001	0.001	0.829	0.169
0.001	0.001	0.001	0.997
0.127	0.081	0.122	0.670
0.001	0.088	0.291	0.620
0.105	0.366	0.401	0.128
0.001	0.871	0.001	0.127
0.001	0.001	0.629	0.369
0.138	0.219	0.416	0.227
0.271	0.154	0.218	0.357
>VGGGCGGRGH	13-VGGGCGGRGH	7.364286	-1047.837409	0	T:8353.0(10.47%),B:4772.8(6.21%),P:1e-455	Tpos:633.0,Tstd:364.1,Bpos:375.6,Bstd:274.1,StrandBias:-0.0,Multiplicity:1.80
0.240	0.214	0.350	0.196
0.268	0.005	0.696	0.031
0.179	0.191	0.579	0.051
0.001	0.176	0.796	0.027
0.156	0.750	0.004	0.090
0.001	0.129	0.869	0.001
0.082	0.116	0.589	0.213
0.376	0.071	0.409	0.143
0.253	0.248	0.426	0.072
0.256	0.358	0.147	0.238
>NDAGGGCGST	14-NDAGGGCGST	6.380092	-983.864761	0	T:15414.0(19.33%),B:10498.2(13.66%),P:1e-427	Tpos:571.9,Tstd:401.3,Bpos:373.5,Bstd:252.4,StrandBias:-0.1,Multiplicity:1.30
0.306	0.199	0.269	0.225
0.318	0.001	0.343	0.338
0.882	0.001	0.116	0.001
0.280	0.119	0.561	0.040
0.189	0.001	0.552	0.258
0.001	0.001	0.840	0.158
0.001	0.997	0.001	0.001
0.016	0.001	0.982	0.001
0.001	0.316	0.429	0.254
0.204	0.001	0.001	0.794
>AACAGGATGT	15-AACAGGATGT	6.848171	-982.651597	0	T:10489.0(13.15%),B:6508.8(8.47%),P:1e-426	Tpos:452.0,Tstd:342.7,Bpos:379.4,Bstd:220.4,StrandBias:0.0,Multiplicity:1.07
0.537	0.160	0.120	0.183
0.888	0.001	0.031	0.080
0.050	0.783	0.054	0.113
0.529	0.306	0.075	0.090
0.029	0.103	0.794	0.074
0.095	0.111	0.690	0.104
0.547	0.241	0.094	0.118
0.226	0.216	0.066	0.492
0.182	0.062	0.645	0.111
0.105	0.150	0.172	0.573
>BNTTTGCCAR	16-BNTTTGCCAR	6.574696	-951.819157	0	T:31805.0(39.88%),B:24995.7(32.53%),P:1e-413	Tpos:464.8,Tstd:352.9,Bpos:380.3,Bstd:224.2,StrandBias:-0.0,Multiplicity:1.36
0.153	0.296	0.347	0.204
0.244	0.172	0.304	0.279
0.001	0.262	0.284	0.453
0.001	0.271	0.001	0.727
0.171	0.057	0.035	0.737
0.001	0.166	0.832	0.001
0.001	0.654	0.344	0.001
0.107	0.790	0.001	0.102
0.997	0.001	0.001	0.001
0.520	0.023	0.456	0.001
>CGGCCGGAAA	17-CGGCCGGAAA	6.527896	-797.294094	0	T:10094.0(12.66%),B:6508.0(8.47%),P:1e-346	Tpos:613.9,Tstd:402.3,Bpos:378.5,Bstd:274.8,StrandBias:0.0,Multiplicity:1.40
0.090	0.702	0.096	0.112
0.083	0.118	0.696	0.103
0.093	0.139	0.686	0.082
0.103	0.690	0.118	0.089
0.102	0.702	0.114	0.082
0.089	0.092	0.725	0.094
0.106	0.088	0.733	0.073
0.692	0.091	0.114	0.103
0.687	0.094	0.123	0.096
0.686	0.096	0.130	0.088
>AGCCGGCTAG	18-AGCCGGCTAG	6.833841	-770.962700	0	T:16793.0(21.06%),B:12133.9(15.79%),P:1e-334	Tpos:534.3,Tstd:395.5,Bpos:379.3,Bstd:239.4,StrandBias:0.0,Multiplicity:1.29
0.624	0.010	0.186	0.180
0.022	0.241	0.709	0.028
0.001	0.909	0.060	0.030
0.008	0.726	0.133	0.133
0.166	0.032	0.743	0.059
0.006	0.028	0.965	0.001
0.023	0.751	0.015	0.211
0.071	0.174	0.013	0.742
0.566	0.108	0.095	0.231
0.057	0.036	0.882	0.025
>AGCGCGCGAG	19-AGCGCGCGAG	6.797128	-709.622570	0	T:7664.0(9.61%),B:4737.9(6.17%),P:1e-308	Tpos:652.2,Tstd:398.1,Bpos:372.8,Bstd:289.7,StrandBias:-0.0,Multiplicity:1.53
0.530	0.151	0.208	0.111
0.143	0.189	0.618	0.050
0.117	0.648	0.185	0.050
0.014	0.194	0.588	0.204
0.177	0.658	0.116	0.049
0.001	0.230	0.765	0.004
0.089	0.576	0.314	0.021
0.116	0.136	0.553	0.195
0.589	0.124	0.207	0.080
0.118	0.111	0.722	0.049
>NDHNCSSGDD	20-NDHNCSSGDD	5.015852	-644.549009	0	T:13005.0(16.31%),B:9216.8(12.00%),P:1e-279	Tpos:584.6,Tstd:410.3,Bpos:379.4,Bstd:249.3,StrandBias:-0.1,Multiplicity:1.34
0.285	0.286	0.221	0.208
0.252	0.178	0.234	0.336
0.321	0.212	0.135	0.333
0.173	0.265	0.286	0.276
0.001	0.800	0.198	0.001
0.001	0.541	0.457	0.001
0.113	0.445	0.441	0.001
0.001	0.067	0.931	0.001
0.285	0.001	0.429	0.286
0.366	0.112	0.236	0.286
>CGCGGTTAAA	21-CGCGGTTAAA	5.641320	-639.323349	0	T:13721.0(17.20%),B:9834.4(12.80%),P:1e-277	Tpos:522.0,Tstd:382.8,Bpos:383.2,Bstd:244.7,StrandBias:-0.0,Multiplicity:1.18
0.139	0.653	0.197	0.011
0.117	0.072	0.727	0.084
0.090	0.731	0.152	0.027
0.015	0.017	0.831	0.137
0.060	0.166	0.710	0.064
0.081	0.149	0.040	0.730
0.148	0.188	0.021	0.643
0.575	0.097	0.019	0.309
0.679	0.022	0.055	0.244
0.733	0.107	0.150	0.010
>CGMGTCRCTY	22-CGMGTCRCTY	6.128825	-559.098304	0	T:18034.0(22.61%),B:13786.8(17.94%),P:1e-242	Tpos:601.6,Tstd:409.4,Bpos:380.5,Bstd:262.0,StrandBias:-0.0,Multiplicity:1.58
0.170	0.545	0.230	0.055
0.001	0.175	0.782	0.042
0.412	0.515	0.040	0.033
0.001	0.001	0.997	0.001
0.001	0.280	0.001	0.718
0.041	0.581	0.165	0.213
0.490	0.053	0.424	0.032
0.001	0.710	0.220	0.069
0.001	0.001	0.421	0.577
0.189	0.284	0.147	0.381
>GTAGCGAACT	23-GTAGCGAACT	1.977389	-451.592152	0	T:42549.0(53.35%),B:36919.3(48.05%),P:1e-196	Tpos:452.5,Tstd:352.5,Bpos:378.9,Bstd:229.1,StrandBias:-0.0,Multiplicity:1.50
0.008	0.001	0.606	0.385
0.001	0.001	0.001	0.997
0.645	0.001	0.001	0.353
0.001	0.187	0.811	0.001
0.001	0.943	0.001	0.055
0.098	0.001	0.811	0.090
0.997	0.001	0.001	0.001
0.892	0.001	0.001	0.106
0.182	0.816	0.001	0.001
0.198	0.001	0.242	0.559
>TGWTTCCTGC	24-TGWTTCCTGC	6.274456	-440.287106	0	T:29176.0(36.58%),B:24320.3(31.66%),P:1e-191	Tpos:481.7,Tstd:373.3,Bpos:381.7,Bstd:224.8,StrandBias:-0.0,Multiplicity:1.29
0.066	0.265	0.001	0.668
0.001	0.115	0.883	0.001
0.328	0.042	0.170	0.461
0.001	0.001	0.001	0.997
0.020	0.150	0.001	0.829
0.145	0.674	0.001	0.180
0.001	0.732	0.266	0.001
0.358	0.001	0.001	0.640
0.001	0.001	0.997	0.001
0.001	0.901	0.097	0.001
>TAWGGACGTA	25-TAWGGACGTA	3.291580	-121.439881	0	T:16456.0(20.63%),B:14207.8(18.49%),P:1e-52	Tpos:479.4,Tstd:368.9,Bpos:379.4,Bstd:226.9,StrandBias:-0.1,Multiplicity:1.14
0.001	0.001	0.001	0.997
0.813	0.001	0.001	0.185
0.459	0.073	0.052	0.416
0.001	0.072	0.926	0.001
0.001	0.001	0.981	0.017
0.830	0.168	0.001	0.001
0.001	0.929	0.001	0.069
0.001	0.001	0.997	0.001
0.135	0.018	0.114	0.733
0.526	0.335	0.001	0.138
