>CCACTAGAGGGC	1-CCACTAGAGGGC	9.323761	-10006.546428	0	T:10827.0(13.57%),B:1922.2(2.50%),P:1e-4345	Tpos:332.3,Tstd:265.0,Bpos:377.3,Bstd:220.7,StrandBias:-0.0,Multiplicity:1.03
0.070	0.875	0.030	0.025
0.013	0.974	0.003	0.010
0.873	0.022	0.043	0.062
0.015	0.810	0.164	0.011
0.146	0.242	0.035	0.577
0.965	0.010	0.017	0.008
0.007	0.006	0.982	0.005
0.670	0.004	0.309	0.017
0.010	0.003	0.591	0.396
0.013	0.005	0.974	0.008
0.016	0.013	0.895	0.076
0.085	0.814	0.020	0.081
>YGCCMCCTRGTG	2-YGCCMCCTRGTG	8.427833	-8438.556879	0	T:18465.0(23.15%),B:6222.0(8.10%),P:1e-3664	Tpos:459.7,Tstd:362.6,Bpos:376.2,Bstd:236.1,StrandBias:0.0,Multiplicity:1.09
0.007	0.563	0.001	0.429
0.107	0.035	0.647	0.211
0.097	0.881	0.001	0.021
0.001	0.997	0.001	0.001
0.509	0.397	0.035	0.059
0.001	0.670	0.010	0.319
0.007	0.990	0.001	0.002
0.096	0.103	0.001	0.800
0.402	0.132	0.286	0.181
0.059	0.274	0.502	0.165
0.150	0.205	0.092	0.553
0.001	0.035	0.927	0.037
>NNVTTDBRHAAB	3-NNVTTDBRHAAB	6.904875	-3934.413780	0	T:13610.0(17.06%),B:5790.7(7.54%),P:1e-1708	Tpos:423.1,Tstd:317.7,Bpos:380.8,Bstd:226.0,StrandBias:0.0,Multiplicity:1.15
0.255	0.245	0.269	0.231
0.258	0.191	0.263	0.287
0.350	0.284	0.322	0.044
0.001	0.001	0.001	0.997
0.001	0.001	0.018	0.980
0.331	0.001	0.389	0.279
0.174	0.354	0.217	0.255
0.261	0.192	0.359	0.188
0.274	0.403	0.001	0.322
0.985	0.013	0.001	0.001
0.981	0.001	0.017	0.001
0.097	0.328	0.269	0.305
>GGBCAAAGTYCA	4-GGBCAAAGTYCA	7.674108	-3173.547631	0	T:17240.0(21.62%),B:8956.4(11.66%),P:1e-1378	Tpos:447.0,Tstd:331.7,Bpos:380.4,Bstd:219.8,StrandBias:-0.0,Multiplicity:1.19
0.212	0.018	0.654	0.116
0.202	0.055	0.459	0.283
0.141	0.294	0.218	0.347
0.047	0.729	0.070	0.154
0.965	0.027	0.001	0.007
0.780	0.042	0.153	0.025
0.873	0.001	0.081	0.045
0.010	0.012	0.947	0.031
0.068	0.014	0.343	0.575
0.097	0.334	0.132	0.437
0.033	0.825	0.001	0.141
0.737	0.123	0.001	0.139
>AAASAGGAAGTG	5-AAASAGGAAGTG	8.003450	-2803.116192	0	T:19980.0(25.05%),B:11435.3(14.88%),P:1e-1217	Tpos:453.5,Tstd:333.1,Bpos:385.2,Bstd:223.8,StrandBias:0.0,Multiplicity:1.23
0.597	0.117	0.162	0.124
0.651	0.115	0.162	0.072
0.656	0.070	0.141	0.133
0.138	0.454	0.389	0.019
0.732	0.042	0.124	0.102
0.015	0.004	0.944	0.037
0.119	0.001	0.870	0.010
0.956	0.033	0.006	0.005
0.934	0.002	0.001	0.063
0.169	0.148	0.673	0.010
0.036	0.185	0.029	0.750
0.189	0.139	0.482	0.189
>NNVTGASTCABN	6-NNVTGASTCABN	4.173181	-1828.921403	0	T:9172.0(11.50%),B:4502.0(5.86%),P:1e-794	Tpos:428.2,Tstd:320.8,Bpos:384.6,Bstd:216.5,StrandBias:0.0,Multiplicity:1.10
0.218	0.230	0.280	0.271
0.250	0.189	0.334	0.227
0.414	0.285	0.300	0.001
0.001	0.001	0.001	0.997
0.001	0.001	0.997	0.001
0.997	0.001	0.001	0.001
0.001	0.504	0.494	0.001
0.001	0.001	0.001	0.997
0.001	0.997	0.001	0.001
0.997	0.001	0.001	0.001
0.001	0.271	0.315	0.413
0.221	0.324	0.206	0.248
>GRAACTGAAASY	7-GRAACTGAAASY	8.701510	-1822.628494	0	T:6148.0(7.71%),B:2510.2(3.27%),P:1e-791	Tpos:475.7,Tstd:338.6,Bpos:385.1,Bstd:230.9,StrandBias:0.1,Multiplicity:1.10
0.223	0.127	0.441	0.209
0.525	0.005	0.394	0.076
0.945	0.003	0.047	0.005
0.819	0.057	0.120	0.004
0.237	0.461	0.290	0.012
0.110	0.273	0.141	0.476
0.247	0.003	0.598	0.152
0.802	0.161	0.005	0.032
0.876	0.096	0.001	0.027
0.838	0.002	0.154	0.006
0.129	0.465	0.328	0.078
0.128	0.370	0.126	0.376
>NNWVWGYAAACA	8-NNWVWGYAAACA	7.029497	-1750.085646	0	T:20030.0(25.11%),B:12939.8(16.84%),P:1e-760	Tpos:435.7,Tstd:322.4,Bpos:379.5,Bstd:226.4,StrandBias:0.1,Multiplicity:1.24
0.255	0.242	0.300	0.203
0.230	0.346	0.200	0.223
0.367	0.183	0.005	0.445
0.355	0.208	0.268	0.168
0.412	0.001	0.246	0.341
0.224	0.183	0.386	0.207
0.004	0.466	0.002	0.528
0.579	0.373	0.018	0.030
0.668	0.330	0.001	0.001
0.959	0.011	0.029	0.001
0.034	0.591	0.021	0.354
0.989	0.001	0.001	0.009
>TTAATSATTAAC	9-TTAATSATTAAC	8.958558	-1607.370703	0	T:4021.0(5.04%),B:1381.2(1.80%),P:1e-698	Tpos:438.4,Tstd:290.4,Bpos:397.1,Bstd:227.0,StrandBias:-0.0,Multiplicity:1.07
0.086	0.071	0.098	0.745
0.075	0.159	0.082	0.684
0.944	0.001	0.053	0.002
0.787	0.122	0.019	0.072
0.075	0.084	0.012	0.829
0.091	0.351	0.399	0.159
0.805	0.015	0.040	0.140
0.052	0.015	0.113	0.820
0.006	0.038	0.007	0.949
0.767	0.048	0.078	0.107
0.820	0.052	0.065	0.063
0.054	0.801	0.031	0.114
>VNDATTGCAWCA	10-VNDATTGCAWCA	8.531379	-1440.051895	0	T:10178.0(12.76%),B:5639.0(7.34%),P:1e-625	Tpos:424.1,Tstd:322.7,Bpos:378.6,Bstd:221.1,StrandBias:0.1,Multiplicity:1.10
0.311	0.250	0.279	0.161
0.262	0.238	0.231	0.269
0.245	0.153	0.288	0.314
0.499	0.217	0.282	0.001
0.001	0.001	0.001	0.997
0.001	0.001	0.001	0.997
0.212	0.001	0.488	0.298
0.001	0.997	0.001	0.001
0.662	0.303	0.001	0.034
0.410	0.126	0.021	0.443
0.001	0.997	0.001	0.001
0.997	0.001	0.001	0.001
>GGGGCGGGGCSD	11-GGGGCGGGGCSD	9.618480	-1116.112935	0	T:7631.0(9.57%),B:4153.2(5.41%),P:1e-484	Tpos:640.3,Tstd:359.0,Bpos:377.6,Bstd:274.1,StrandBias:0.0,Multiplicity:1.70
0.138	0.094	0.609	0.159
0.200	0.001	0.782	0.017
0.027	0.112	0.860	0.001
0.001	0.033	0.965	0.001
0.053	0.933	0.001	0.013
0.001	0.048	0.950	0.001
0.032	0.001	0.825	0.142
0.130	0.009	0.746	0.115
0.140	0.140	0.719	0.001
0.151	0.828	0.020	0.001
0.095	0.351	0.379	0.175
0.285	0.103	0.314	0.298
>SSGGGCGGAAGB	12-SSGGGCGGAAGB	6.922871	-1025.881296	0	T:20999.0(26.33%),B:15152.0(19.72%),P:1e-445	Tpos:557.4,Tstd:397.5,Bpos:380.2,Bstd:242.4,StrandBias:0.0,Multiplicity:1.41
0.203	0.321	0.397	0.079
0.214	0.242	0.385	0.158
0.001	0.146	0.852	0.001
0.084	0.324	0.549	0.043
0.130	0.188	0.681	0.001
0.221	0.777	0.001	0.001
0.001	0.057	0.941	0.001
0.046	0.001	0.951	0.002
0.907	0.001	0.001	0.091
0.916	0.001	0.001	0.082
0.235	0.241	0.466	0.058
0.157	0.304	0.327	0.212
>TTCCGGGAAGTG	13-TTCCGGGAAGTG	7.289224	-901.136679	0	T:19605.0(24.58%),B:14239.2(18.53%),P:1e-391	Tpos:521.3,Tstd:378.6,Bpos:381.6,Bstd:231.4,StrandBias:-0.0,Multiplicity:1.26
0.107	0.143	0.117	0.633
0.029	0.156	0.202	0.613
0.043	0.834	0.055	0.068
0.062	0.725	0.013	0.200
0.260	0.126	0.488	0.127
0.014	0.001	0.984	0.001
0.014	0.001	0.960	0.025
0.790	0.131	0.036	0.043
0.795	0.039	0.150	0.016
0.153	0.180	0.573	0.094
0.058	0.255	0.161	0.526
0.051	0.085	0.721	0.143
>AACCTTTGACCT	14-AACCTTTGACCT	6.868403	-823.821787	0	T:17667.0(22.15%),B:12755.1(16.60%),P:1e-357	Tpos:456.1,Tstd:349.2,Bpos:377.1,Bstd:220.4,StrandBias:0.0,Multiplicity:1.13
0.729	0.069	0.075	0.127
0.776	0.135	0.025	0.064
0.069	0.781	0.024	0.126
0.036	0.691	0.016	0.257
0.042	0.039	0.036	0.883
0.036	0.043	0.096	0.825
0.021	0.016	0.026	0.937
0.062	0.018	0.892	0.028
0.552	0.259	0.082	0.107
0.256	0.559	0.101	0.084
0.032	0.913	0.019	0.036
0.058	0.178	0.017	0.747
>GGCAGBCTGCCA	15-GGCAGBCTGCCA	7.289525	-767.277600	0	T:16842.0(21.12%),B:12184.5(15.86%),P:1e-333	Tpos:473.2,Tstd:353.1,Bpos:379.4,Bstd:223.8,StrandBias:-0.0,Multiplicity:1.19
0.010	0.009	0.965	0.016
0.123	0.052	0.706	0.119
0.114	0.847	0.038	0.001
0.747	0.035	0.023	0.195
0.192	0.158	0.516	0.134
0.113	0.277	0.279	0.332
0.052	0.591	0.185	0.172
0.190	0.011	0.029	0.770
0.020	0.062	0.822	0.096
0.125	0.758	0.032	0.085
0.042	0.922	0.009	0.027
0.755	0.119	0.003	0.123
>CGCGCGGAGGGA	16-CGCGCGGAGGGA	7.671178	-644.652417	0	T:8765.0(10.99%),B:5721.7(7.45%),P:1e-279	Tpos:663.2,Tstd:412.0,Bpos:376.6,Bstd:277.5,StrandBias:-0.1,Multiplicity:1.59
0.092	0.714	0.110	0.084
0.080	0.100	0.751	0.069
0.091	0.721	0.135	0.053
0.053	0.119	0.770	0.058
0.086	0.716	0.135	0.063
0.081	0.088	0.772	0.059
0.047	0.110	0.800	0.043
0.669	0.122	0.138	0.071
0.065	0.068	0.827	0.040
0.084	0.080	0.789	0.047
0.083	0.107	0.774	0.036
0.700	0.091	0.124	0.085
>CGGTCACGTGAC	17-CGGTCACGTGAC	-5.231360	-612.421019	0	T:26485.0(33.21%),B:21191.5(27.58%),P:1e-265	Tpos:506.1,Tstd:374.2,Bpos:378.0,Bstd:233.1,StrandBias:0.0,Multiplicity:1.29
0.187	0.722	0.001	0.090
0.144	0.171	0.684	0.001
0.001	0.001	0.997	0.001
0.001	0.001	0.001	0.997
0.001	0.997	0.001	0.001
0.997	0.001	0.001	0.001
0.001	0.657	0.001	0.341
0.001	0.001	0.997	0.001
0.001	0.001	0.001	0.997
0.001	0.001	0.997	0.001
0.997	0.001	0.001	0.001
0.001	0.997	0.001	0.001
>AGGTCANTGACC	18-AGGTCANTGACC	7.831208	-602.928664	0	T:7957.0(9.98%),B:5152.2(6.71%),P:1e-261	Tpos:452.5,Tstd:350.4,Bpos:378.7,Bstd:220.0,StrandBias:-0.1,Multiplicity:1.06
0.769	0.003	0.183	0.045
0.176	0.001	0.713	0.110
0.085	0.016	0.574	0.325
0.079	0.129	0.283	0.509
0.177	0.672	0.062	0.089
0.994	0.001	0.001	0.004
0.307	0.185	0.294	0.214
0.016	0.001	0.023	0.960
0.065	0.130	0.773	0.032
0.613	0.086	0.071	0.230
0.280	0.563	0.053	0.104
0.133	0.717	0.001	0.149
>GAAACTGCTGAC	19-GAAACTGCTGAC	-4.471307	-565.791944	0	T:22023.0(27.61%),B:17312.7(22.53%),P:1e-245	Tpos:471.8,Tstd:363.1,Bpos:377.8,Bstd:226.8,StrandBias:0.0,Multiplicity:1.19
0.300	0.001	0.698	0.001
0.997	0.001	0.001	0.001
0.997	0.001	0.001	0.001
0.997	0.001	0.001	0.001
0.001	0.997	0.001	0.001
0.001	0.001	0.002	0.996
0.001	0.001	0.997	0.001
0.001	0.997	0.001	0.001
0.001	0.001	0.001	0.997
0.001	0.001	0.997	0.001
0.997	0.001	0.001	0.001
0.001	0.997	0.001	0.001
>GCGCATGCGCAT	20-GCGCATGCGCAT	9.435378	-522.217786	0	T:2544.0(3.19%),B:1210.5(1.58%),P:1e-226	Tpos:673.7,Tstd:347.2,Bpos:374.7,Bstd:284.1,StrandBias:-0.0,Multiplicity:1.20
0.106	0.026	0.855	0.013
0.106	0.817	0.061	0.016
0.025	0.001	0.973	0.001
0.001	0.985	0.013	0.001
0.762	0.197	0.037	0.004
0.061	0.060	0.123	0.756
0.001	0.013	0.985	0.001
0.016	0.936	0.009	0.039
0.001	0.017	0.864	0.118
0.001	0.883	0.003	0.113
0.516	0.285	0.169	0.030
0.136	0.214	0.240	0.410
>GGGGAAAGTCCC	21-GGGGAAAGTCCC	-0.144483	-358.737570	0	T:8293.0(10.40%),B:5958.2(7.76%),P:1e-155	Tpos:523.9,Tstd:386.2,Bpos:385.2,Bstd:232.3,StrandBias:0.1,Multiplicity:1.10
0.001	0.001	0.997	0.001
0.001	0.001	0.997	0.001
0.001	0.053	0.945	0.001
0.001	0.001	0.997	0.001
0.997	0.001	0.001	0.001
0.997	0.001	0.001	0.001
0.997	0.001	0.001	0.001
0.001	0.001	0.997	0.001
0.001	0.001	0.001	0.997
0.001	0.997	0.001	0.001
0.001	0.997	0.001	0.001
0.001	0.997	0.001	0.001
>ACTTCTGCTTTT	22-ACTTCTGCTTTT	9.835710	-289.964940	0	T:1018.0(1.28%),B:418.9(0.55%),P:1e-125	Tpos:448.1,Tstd:323.2,Bpos:377.9,Bstd:215.9,StrandBias:-0.1,Multiplicity:1.01
0.800	0.025	0.135	0.040
0.025	0.587	0.224	0.164
0.149	0.041	0.039	0.771
0.048	0.047	0.042	0.863
0.026	0.657	0.186	0.131
0.153	0.059	0.020	0.768
0.027	0.305	0.653	0.015
0.031	0.591	0.150	0.228
0.149	0.216	0.026	0.609
0.120	0.133	0.194	0.553
0.113	0.191	0.095	0.601
0.108	0.241	0.149	0.502
>GTGGGGCTGCGC	23-GTGGGGCTGCGC	12.355432	-175.302535	0	T:57.0(0.07%),B:1.7(0.00%),P:1e-76	Tpos:555.1,Tstd:345.6,Bpos:660.6,Bstd:23.1,StrandBias:-0.2,Multiplicity:1.00
0.100	0.100	0.700	0.100
0.100	0.100	0.100	0.700
0.100	0.100	0.700	0.100
0.100	0.100	0.700	0.100
0.100	0.100	0.700	0.100
0.100	0.100	0.700	0.100
0.100	0.700	0.100	0.100
0.100	0.100	0.100	0.700
0.100	0.100	0.700	0.100
0.100	0.700	0.100	0.100
0.100	0.100	0.700	0.100
0.100	0.700	0.100	0.100
>TAAGGTTVTGAC	24-TAAGGTTVTGAC	-5.412283	-125.109777	0	T:24147.0(30.28%),B:21344.0(27.78%),P:1e-54	Tpos:456.7,Tstd:358.2,Bpos:381.3,Bstd:223.9,StrandBias:-0.0,Multiplicity:1.23
0.001	0.001	0.001	0.997
0.997	0.001	0.001	0.001
0.997	0.001	0.001	0.001
0.001	0.110	0.888	0.001
0.001	0.001	0.997	0.001
0.001	0.001	0.001	0.997
0.001	0.001	0.001	0.997
0.322	0.355	0.322	0.001
0.233	0.001	0.001	0.765
0.001	0.001	0.997	0.001
0.997	0.001	0.001	0.001
0.001	0.997	0.001	0.001
>GGACGTCCTTAG	25-GGACGTCCTTAG	-0.873599	-81.224704	0	T:15498.0(19.43%),B:13617.5(17.72%),P:1e-35	Tpos:496.1,Tstd:384.6,Bpos:379.6,Bstd:228.0,StrandBias:0.0,Multiplicity:1.14
0.122	0.001	0.698	0.179
0.001	0.001	0.997	0.001
0.755	0.001	0.122	0.122
0.001	0.997	0.001	0.001
0.001	0.001	0.997	0.001
0.001	0.001	0.001	0.997
0.121	0.877	0.001	0.001
0.001	0.877	0.001	0.121
0.001	0.001	0.001	0.997
0.001	0.001	0.001	0.997
0.997	0.001	0.001	0.001
0.001	0.084	0.672	0.243
