>CACTAGRKGG	1-CACTAGRKGG	8.325147	-6347.338965	0	T:14524.0(18.21%),B:4940.2(6.43%),P:1e-2756	Tpos:368.5,Tstd:303.7,Bpos:375.1,Bstd:223.2,StrandBias:0.0,Multiplicity:1.06
0.004	0.980	0.008	0.008
0.871	0.004	0.077	0.048
0.015	0.792	0.192	0.001
0.119	0.323	0.018	0.540
0.991	0.007	0.001	0.001
0.002	0.007	0.986	0.005
0.439	0.027	0.522	0.012
0.012	0.016	0.513	0.459
0.005	0.030	0.962	0.003
0.011	0.008	0.924	0.057
>BATTGCGYAA	2-BATTGCGYAA	6.122821	-3996.043257	0	T:25686.0(32.21%),B:14531.1(18.91%),P:1e-1735	Tpos:433.2,Tstd:321.1,Bpos:381.6,Bstd:228.4,StrandBias:-0.0,Multiplicity:1.31
0.185	0.224	0.353	0.238
0.483	0.194	0.284	0.039
0.001	0.017	0.004	0.978
0.007	0.029	0.158	0.806
0.307	0.005	0.498	0.189
0.079	0.719	0.052	0.150
0.240	0.096	0.544	0.120
0.218	0.422	0.007	0.353
0.655	0.300	0.021	0.024
0.963	0.012	0.024	0.001
>ACTTCCGGTT	3-ACTTCCGGTT	6.526022	-2630.520012	0	T:29984.0(37.59%),B:19895.2(25.90%),P:1e-1142	Tpos:474.7,Tstd:355.9,Bpos:381.8,Bstd:230.2,StrandBias:-0.0,Multiplicity:1.37
0.567	0.056	0.338	0.039
0.013	0.452	0.253	0.282
0.066	0.001	0.072	0.861
0.001	0.007	0.018	0.974
0.016	0.658	0.023	0.303
0.006	0.908	0.071	0.015
0.144	0.196	0.406	0.255
0.018	0.314	0.495	0.172
0.142	0.199	0.142	0.517
0.135	0.264	0.131	0.471
>TGAMCTTTGV	4-TGAMCTTTGV	7.090439	-2458.555330	0	T:25600.0(32.10%),B:16443.8(21.40%),P:1e-1067	Tpos:448.0,Tstd:333.5,Bpos:378.3,Bstd:223.9,StrandBias:0.0,Multiplicity:1.27
0.100	0.093	0.067	0.740
0.104	0.012	0.855	0.029
0.576	0.114	0.261	0.049
0.484	0.471	0.007	0.038
0.001	0.982	0.011	0.006
0.004	0.062	0.006	0.928
0.031	0.196	0.030	0.743
0.053	0.005	0.018	0.924
0.100	0.061	0.781	0.058
0.241	0.329	0.259	0.170
>VTKAKGTAAB	5-VTKAKGTAAB	7.221426	-2254.710395	0	T:26473.0(33.19%),B:17498.4(22.78%),P:1e-979	Tpos:436.1,Tstd:339.2,Bpos:379.5,Bstd:221.4,StrandBias:0.0,Multiplicity:1.20
0.377	0.283	0.339	0.001
0.001	0.024	0.001	0.974
0.015	0.060	0.532	0.393
0.610	0.001	0.016	0.373
0.197	0.018	0.338	0.446
0.001	0.001	0.997	0.001
0.196	0.273	0.001	0.530
0.690	0.308	0.001	0.001
0.997	0.001	0.001	0.001
0.001	0.377	0.255	0.367
>GCGCCCTCTA	6-GCGCCCTCTA	5.668508	-2176.126370	0	T:18707.0(23.45%),B:11236.0(14.62%),P:1e-945	Tpos:553.2,Tstd:405.6,Bpos:384.7,Bstd:249.4,StrandBias:0.1,Multiplicity:1.29
0.001	0.057	0.893	0.049
0.010	0.918	0.021	0.051
0.001	0.001	0.997	0.001
0.013	0.941	0.023	0.023
0.024	0.961	0.014	0.001
0.086	0.912	0.001	0.001
0.036	0.025	0.050	0.889
0.001	0.910	0.030	0.059
0.001	0.001	0.016	0.982
0.672	0.073	0.217	0.038
>TGASTCABCN	7-TGASTCABCN	6.537433	-1816.275015	0	T:16891.0(21.18%),B:10300.2(13.41%),P:1e-788	Tpos:437.3,Tstd:330.0,Bpos:380.9,Bstd:221.7,StrandBias:-0.0,Multiplicity:1.17
0.037	0.080	0.007	0.876
0.014	0.001	0.857	0.128
0.894	0.011	0.017	0.078
0.083	0.454	0.399	0.063
0.050	0.030	0.059	0.861
0.168	0.748	0.052	0.032
0.880	0.040	0.071	0.009
0.101	0.251	0.277	0.371
0.185	0.482	0.162	0.171
0.222	0.213	0.354	0.211
>HVRGYAAACA	8-HVRGYAAACA	7.419645	-1555.010356	0	T:23986.0(30.07%),B:16612.6(21.62%),P:1e-675	Tpos:438.7,Tstd:328.4,Bpos:378.1,Bstd:227.8,StrandBias:-0.0,Multiplicity:1.27
0.330	0.224	0.089	0.357
0.326	0.242	0.342	0.090
0.400	0.048	0.306	0.246
0.301	0.001	0.697	0.001
0.001	0.466	0.018	0.515
0.638	0.251	0.001	0.110
0.948	0.050	0.001	0.001
0.997	0.001	0.001	0.001
0.001	0.642	0.001	0.356
0.955	0.043	0.001	0.001
>AATGATTAAC	9-AATGATTAAC	8.629578	-1159.195437	0	T:4674.0(5.86%),B:2065.6(2.69%),P:1e-503	Tpos:427.9,Tstd:296.0,Bpos:379.9,Bstd:228.4,StrandBias:0.0,Multiplicity:1.06
0.897	0.036	0.049	0.018
0.802	0.112	0.011	0.075
0.088	0.086	0.012	0.814
0.032	0.336	0.570	0.062
0.812	0.029	0.055	0.104
0.025	0.085	0.163	0.727
0.019	0.032	0.019	0.930
0.658	0.187	0.045	0.110
0.886	0.066	0.047	0.001
0.014	0.906	0.001	0.079
>YGNGKMAAYD	10-YGNGKMAAYD	5.989231	-1116.551925	0	T:19649.0(24.64%),B:13791.1(17.95%),P:1e-484	Tpos:479.8,Tstd:368.3,Bpos:383.3,Bstd:230.5,StrandBias:-0.1,Multiplicity:1.17
0.079	0.454	0.030	0.436
0.084	0.104	0.714	0.098
0.231	0.287	0.222	0.260
0.065	0.044	0.800	0.091
0.047	0.059	0.410	0.484
0.452	0.460	0.034	0.054
0.723	0.043	0.185	0.049
0.527	0.345	0.056	0.072
0.125	0.371	0.027	0.477
0.368	0.084	0.293	0.254
>RGTTTCACTT	11-RGTTTCACTT	9.016807	-1102.941931	0	T:6615.0(8.29%),B:3438.0(4.47%),P:1e-478	Tpos:449.8,Tstd:333.9,Bpos:381.4,Bstd:228.2,StrandBias:0.0,Multiplicity:1.07
0.490	0.001	0.508	0.001
0.001	0.335	0.663	0.001
0.001	0.025	0.025	0.949
0.042	0.001	0.025	0.932
0.001	0.001	0.054	0.944
0.076	0.858	0.027	0.039
0.812	0.026	0.001	0.161
0.024	0.525	0.330	0.121
0.106	0.080	0.010	0.804
0.125	0.028	0.001	0.846
>NGTTTSCGGD	12-NGTTTSCGGD	5.933596	-1053.725373	0	T:31010.0(38.88%),B:23984.9(31.22%),P:1e-457	Tpos:489.7,Tstd:372.4,Bpos:380.9,Bstd:234.9,StrandBias:-0.1,Multiplicity:1.28
0.294	0.285	0.166	0.255
0.001	0.001	0.829	0.169
0.001	0.001	0.001	0.997
0.127	0.081	0.122	0.670
0.001	0.088	0.291	0.620
0.105	0.366	0.401	0.128
0.001	0.871	0.001	0.127
0.001	0.001	0.629	0.369
0.138	0.219	0.416	0.227
0.271	0.154	0.218	0.357
>VGGGCGGRGH	13-VGGGCGGRGH	7.364286	-1047.837409	0	T:8353.0(10.47%),B:4772.8(6.21%),P:1e-455	Tpos:633.0,Tstd:364.1,Bpos:375.6,Bstd:274.1,StrandBias:-0.0,Multiplicity:1.80
0.240	0.214	0.350	0.196
0.268	0.005	0.696	0.031
0.179	0.191	0.579	0.051
0.001	0.176	0.796	0.027
0.156	0.750	0.004	0.090
0.001	0.129	0.869	0.001
0.082	0.116	0.589	0.213
0.376	0.071	0.409	0.143
0.253	0.248	0.426	0.072
0.256	0.358	0.147	0.238
>NDAGGGCGST	14-NDAGGGCGST	6.380092	-983.864761	0	T:15414.0(19.33%),B:10498.2(13.66%),P:1e-427	Tpos:571.9,Tstd:401.3,Bpos:373.5,Bstd:252.4,StrandBias:-0.1,Multiplicity:1.30
0.306	0.199	0.269	0.225
0.318	0.001	0.343	0.338
0.882	0.001	0.116	0.001
0.280	0.119	0.561	0.040
0.189	0.001	0.552	0.258
0.001	0.001	0.840	0.158
0.001	0.997	0.001	0.001
0.016	0.001	0.982	0.001
0.001	0.316	0.429	0.254
0.204	0.001	0.001	0.794
>AACAGGATGT	15-AACAGGATGT	6.848171	-982.651597	0	T:10489.0(13.15%),B:6508.8(8.47%),P:1e-426	Tpos:452.0,Tstd:342.7,Bpos:379.4,Bstd:220.4,StrandBias:0.0,Multiplicity:1.07
0.537	0.160	0.120	0.183
0.888	0.001	0.031	0.080
0.050	0.783	0.054	0.113
0.529	0.306	0.075	0.090
0.029	0.103	0.794	0.074
0.095	0.111	0.690	0.104
0.547	0.241	0.094	0.118
0.226	0.216	0.066	0.492
0.182	0.062	0.645	0.111
0.105	0.150	0.172	0.573
>BNTTTGCCAR	16-BNTTTGCCAR	6.574696	-951.819157	0	T:31805.0(39.88%),B:24995.7(32.53%),P:1e-413	Tpos:464.8,Tstd:352.9,Bpos:380.3,Bstd:224.2,StrandBias:-0.0,Multiplicity:1.36
0.153	0.296	0.347	0.204
0.244	0.172	0.304	0.279
0.001	0.262	0.284	0.453
0.001	0.271	0.001	0.727
0.171	0.057	0.035	0.737
0.001	0.166	0.832	0.001
0.001	0.654	0.344	0.001
0.107	0.790	0.001	0.102
0.997	0.001	0.001	0.001
0.520	0.023	0.456	0.001
>CGGCCGGAAA	17-CGGCCGGAAA	6.527896	-797.294094	0	T:10094.0(12.66%),B:6508.0(8.47%),P:1e-346	Tpos:613.9,Tstd:402.3,Bpos:378.5,Bstd:274.8,StrandBias:0.0,Multiplicity:1.40
0.090	0.702	0.096	0.112
0.083	0.118	0.696	0.103
0.093	0.139	0.686	0.082
0.103	0.690	0.118	0.089
0.102	0.702	0.114	0.082
0.089	0.092	0.725	0.094
0.106	0.088	0.733	0.073
0.692	0.091	0.114	0.103
0.687	0.094	0.123	0.096
0.686	0.096	0.130	0.088
>AGCCGGCTAG	18-AGCCGGCTAG	6.833841	-770.962700	0	T:16793.0(21.06%),B:12133.9(15.79%),P:1e-334	Tpos:534.3,Tstd:395.5,Bpos:379.3,Bstd:239.4,StrandBias:0.0,Multiplicity:1.29
0.624	0.010	0.186	0.180
0.022	0.241	0.709	0.028
0.001	0.909	0.060	0.030
0.008	0.726	0.133	0.133
0.166	0.032	0.743	0.059
0.006	0.028	0.965	0.001
0.023	0.751	0.015	0.211
0.071	0.174	0.013	0.742
0.566	0.108	0.095	0.231
0.057	0.036	0.882	0.025
>AGCGCGCGAG	19-AGCGCGCGAG	6.797128	-709.622570	0	T:7664.0(9.61%),B:4737.9(6.17%),P:1e-308	Tpos:652.2,Tstd:398.1,Bpos:372.8,Bstd:289.7,StrandBias:-0.0,Multiplicity:1.53
0.530	0.151	0.208	0.111
0.143	0.189	0.618	0.050
0.117	0.648	0.185	0.050
0.014	0.194	0.588	0.204
0.177	0.658	0.116	0.049
0.001	0.230	0.765	0.004
0.089	0.576	0.314	0.021
0.116	0.136	0.553	0.195
0.589	0.124	0.207	0.080
0.118	0.111	0.722	0.049
>NDHNCSSGDD	20-NDHNCSSGDD	5.015852	-644.549009	0	T:13005.0(16.31%),B:9216.8(12.00%),P:1e-279	Tpos:584.6,Tstd:410.3,Bpos:379.4,Bstd:249.3,StrandBias:-0.1,Multiplicity:1.34
0.285	0.286	0.221	0.208
0.252	0.178	0.234	0.336
0.321	0.212	0.135	0.333
0.173	0.265	0.286	0.276
0.001	0.800	0.198	0.001
0.001	0.541	0.457	0.001
0.113	0.445	0.441	0.001
0.001	0.067	0.931	0.001
0.285	0.001	0.429	0.286
0.366	0.112	0.236	0.286
>CGCGGTTAAA	21-CGCGGTTAAA	5.641320	-639.323349	0	T:13721.0(17.20%),B:9834.4(12.80%),P:1e-277	Tpos:522.0,Tstd:382.8,Bpos:383.2,Bstd:244.7,StrandBias:-0.0,Multiplicity:1.18
0.139	0.653	0.197	0.011
0.117	0.072	0.727	0.084
0.090	0.731	0.152	0.027
0.015	0.017	0.831	0.137
0.060	0.166	0.710	0.064
0.081	0.149	0.040	0.730
0.148	0.188	0.021	0.643
0.575	0.097	0.019	0.309
0.679	0.022	0.055	0.244
0.733	0.107	0.150	0.010
>CGMGTCRCTY	22-CGMGTCRCTY	6.128825	-559.098304	0	T:18034.0(22.61%),B:13786.8(17.94%),P:1e-242	Tpos:601.6,Tstd:409.4,Bpos:380.5,Bstd:262.0,StrandBias:-0.0,Multiplicity:1.58
0.170	0.545	0.230	0.055
0.001	0.175	0.782	0.042
0.412	0.515	0.040	0.033
0.001	0.001	0.997	0.001
0.001	0.280	0.001	0.718
0.041	0.581	0.165	0.213
0.490	0.053	0.424	0.032
0.001	0.710	0.220	0.069
0.001	0.001	0.421	0.577
0.189	0.284	0.147	0.381
>GTAGCGAACT	23-GTAGCGAACT	1.977389	-451.592152	0	T:42549.0(53.35%),B:36919.3(48.05%),P:1e-196	Tpos:452.5,Tstd:352.5,Bpos:378.9,Bstd:229.1,StrandBias:-0.0,Multiplicity:1.50
0.008	0.001	0.606	0.385
0.001	0.001	0.001	0.997
0.645	0.001	0.001	0.353
0.001	0.187	0.811	0.001
0.001	0.943	0.001	0.055
0.098	0.001	0.811	0.090
0.997	0.001	0.001	0.001
0.892	0.001	0.001	0.106
0.182	0.816	0.001	0.001
0.198	0.001	0.242	0.559
>TGWTTCCTGC	24-TGWTTCCTGC	6.274456	-440.287106	0	T:29176.0(36.58%),B:24320.3(31.66%),P:1e-191	Tpos:481.7,Tstd:373.3,Bpos:381.7,Bstd:224.8,StrandBias:-0.0,Multiplicity:1.29
0.066	0.265	0.001	0.668
0.001	0.115	0.883	0.001
0.328	0.042	0.170	0.461
0.001	0.001	0.001	0.997
0.020	0.150	0.001	0.829
0.145	0.674	0.001	0.180
0.001	0.732	0.266	0.001
0.358	0.001	0.001	0.640
0.001	0.001	0.997	0.001
0.001	0.901	0.097	0.001
>TAWGGACGTA	25-TAWGGACGTA	3.291580	-121.439881	0	T:16456.0(20.63%),B:14207.8(18.49%),P:1e-52	Tpos:479.4,Tstd:368.9,Bpos:379.4,Bstd:226.9,StrandBias:-0.1,Multiplicity:1.14
0.001	0.001	0.001	0.997
0.813	0.001	0.001	0.185
0.459	0.073	0.052	0.416
0.001	0.072	0.926	0.001
0.001	0.001	0.981	0.017
0.830	0.168	0.001	0.001
0.001	0.929	0.001	0.069
0.001	0.001	0.997	0.001
0.135	0.018	0.114	0.733
0.526	0.335	0.001	0.138
>CCACTAGAGGGC	1-CCACTAGAGGGC	9.323761	-10006.546428	0	T:10827.0(13.57%),B:1922.2(2.50%),P:1e-4345	Tpos:332.3,Tstd:265.0,Bpos:377.3,Bstd:220.7,StrandBias:-0.0,Multiplicity:1.03
0.070	0.875	0.030	0.025
0.013	0.974	0.003	0.010
0.873	0.022	0.043	0.062
0.015	0.810	0.164	0.011
0.146	0.242	0.035	0.577
0.965	0.010	0.017	0.008
0.007	0.006	0.982	0.005
0.670	0.004	0.309	0.017
0.010	0.003	0.591	0.396
0.013	0.005	0.974	0.008
0.016	0.013	0.895	0.076
0.085	0.814	0.020	0.081
>YGCCMCCTRGTG	2-YGCCMCCTRGTG	8.427833	-8438.556879	0	T:18465.0(23.15%),B:6222.0(8.10%),P:1e-3664	Tpos:459.7,Tstd:362.6,Bpos:376.2,Bstd:236.1,StrandBias:0.0,Multiplicity:1.09
0.007	0.563	0.001	0.429
0.107	0.035	0.647	0.211
0.097	0.881	0.001	0.021
0.001	0.997	0.001	0.001
0.509	0.397	0.035	0.059
0.001	0.670	0.010	0.319
0.007	0.990	0.001	0.002
0.096	0.103	0.001	0.800
0.402	0.132	0.286	0.181
0.059	0.274	0.502	0.165
0.150	0.205	0.092	0.553
0.001	0.035	0.927	0.037
>NNVTTDBRHAAB	3-NNVTTDBRHAAB	6.904875	-3934.413780	0	T:13610.0(17.06%),B:5790.7(7.54%),P:1e-1708	Tpos:423.1,Tstd:317.7,Bpos:380.8,Bstd:226.0,StrandBias:0.0,Multiplicity:1.15
0.255	0.245	0.269	0.231
0.258	0.191	0.263	0.287
0.350	0.284	0.322	0.044
0.001	0.001	0.001	0.997
0.001	0.001	0.018	0.980
0.331	0.001	0.389	0.279
0.174	0.354	0.217	0.255
0.261	0.192	0.359	0.188
0.274	0.403	0.001	0.322
0.985	0.013	0.001	0.001
0.981	0.001	0.017	0.001
0.097	0.328	0.269	0.305
>GGBCAAAGTYCA	4-GGBCAAAGTYCA	7.674108	-3173.547631	0	T:17240.0(21.62%),B:8956.4(11.66%),P:1e-1378	Tpos:447.0,Tstd:331.7,Bpos:380.4,Bstd:219.8,StrandBias:-0.0,Multiplicity:1.19
0.212	0.018	0.654	0.116
0.202	0.055	0.459	0.283
0.141	0.294	0.218	0.347
0.047	0.729	0.070	0.154
0.965	0.027	0.001	0.007
0.780	0.042	0.153	0.025
0.873	0.001	0.081	0.045
0.010	0.012	0.947	0.031
0.068	0.014	0.343	0.575
0.097	0.334	0.132	0.437
0.033	0.825	0.001	0.141
0.737	0.123	0.001	0.139
>AAASAGGAAGTG	5-AAASAGGAAGTG	8.003450	-2803.116192	0	T:19980.0(25.05%),B:11435.3(14.88%),P:1e-1217	Tpos:453.5,Tstd:333.1,Bpos:385.2,Bstd:223.8,StrandBias:0.0,Multiplicity:1.23
0.597	0.117	0.162	0.124
0.651	0.115	0.162	0.072
0.656	0.070	0.141	0.133
0.138	0.454	0.389	0.019
0.732	0.042	0.124	0.102
0.015	0.004	0.944	0.037
0.119	0.001	0.870	0.010
0.956	0.033	0.006	0.005
0.934	0.002	0.001	0.063
0.169	0.148	0.673	0.010
0.036	0.185	0.029	0.750
0.189	0.139	0.482	0.189
>NNVTGASTCABN	6-NNVTGASTCABN	4.173181	-1828.921403	0	T:9172.0(11.50%),B:4502.0(5.86%),P:1e-794	Tpos:428.2,Tstd:320.8,Bpos:384.6,Bstd:216.5,StrandBias:0.0,Multiplicity:1.10
0.218	0.230	0.280	0.271
0.250	0.189	0.334	0.227
0.414	0.285	0.300	0.001
0.001	0.001	0.001	0.997
0.001	0.001	0.997	0.001
0.997	0.001	0.001	0.001
0.001	0.504	0.494	0.001
0.001	0.001	0.001	0.997
0.001	0.997	0.001	0.001
0.997	0.001	0.001	0.001
0.001	0.271	0.315	0.413
0.221	0.324	0.206	0.248
>GRAACTGAAASY	7-GRAACTGAAASY	8.701510	-1822.628494	0	T:6148.0(7.71%),B:2510.2(3.27%),P:1e-791	Tpos:475.7,Tstd:338.6,Bpos:385.1,Bstd:230.9,StrandBias:0.1,Multiplicity:1.10
0.223	0.127	0.441	0.209
0.525	0.005	0.394	0.076
0.945	0.003	0.047	0.005
0.819	0.057	0.120	0.004
0.237	0.461	0.290	0.012
0.110	0.273	0.141	0.476
0.247	0.003	0.598	0.152
0.802	0.161	0.005	0.032
0.876	0.096	0.001	0.027
0.838	0.002	0.154	0.006
0.129	0.465	0.328	0.078
0.128	0.370	0.126	0.376
>NNWVWGYAAACA	8-NNWVWGYAAACA	7.029497	-1750.085646	0	T:20030.0(25.11%),B:12939.8(16.84%),P:1e-760	Tpos:435.7,Tstd:322.4,Bpos:379.5,Bstd:226.4,StrandBias:0.1,Multiplicity:1.24
0.255	0.242	0.300	0.203
0.230	0.346	0.200	0.223
0.367	0.183	0.005	0.445
0.355	0.208	0.268	0.168
0.412	0.001	0.246	0.341
0.224	0.183	0.386	0.207
0.004	0.466	0.002	0.528
0.579	0.373	0.018	0.030
0.668	0.330	0.001	0.001
0.959	0.011	0.029	0.001
0.034	0.591	0.021	0.354
0.989	0.001	0.001	0.009
>TTAATSATTAAC	9-TTAATSATTAAC	8.958558	-1607.370703	0	T:4021.0(5.04%),B:1381.2(1.80%),P:1e-698	Tpos:438.4,Tstd:290.4,Bpos:397.1,Bstd:227.0,StrandBias:-0.0,Multiplicity:1.07
0.086	0.071	0.098	0.745
0.075	0.159	0.082	0.684
0.944	0.001	0.053	0.002
0.787	0.122	0.019	0.072
0.075	0.084	0.012	0.829
0.091	0.351	0.399	0.159
0.805	0.015	0.040	0.140
0.052	0.015	0.113	0.820
0.006	0.038	0.007	0.949
0.767	0.048	0.078	0.107
0.820	0.052	0.065	0.063
0.054	0.801	0.031	0.114
>VNDATTGCAWCA	10-VNDATTGCAWCA	8.531379	-1440.051895	0	T:10178.0(12.76%),B:5639.0(7.34%),P:1e-625	Tpos:424.1,Tstd:322.7,Bpos:378.6,Bstd:221.1,StrandBias:0.1,Multiplicity:1.10
0.311	0.250	0.279	0.161
0.262	0.238	0.231	0.269
0.245	0.153	0.288	0.314
0.499	0.217	0.282	0.001
0.001	0.001	0.001	0.997
0.001	0.001	0.001	0.997
0.212	0.001	0.488	0.298
0.001	0.997	0.001	0.001
0.662	0.303	0.001	0.034
0.410	0.126	0.021	0.443
0.001	0.997	0.001	0.001
0.997	0.001	0.001	0.001
>GGGGCGGGGCSD	11-GGGGCGGGGCSD	9.618480	-1116.112935	0	T:7631.0(9.57%),B:4153.2(5.41%),P:1e-484	Tpos:640.3,Tstd:359.0,Bpos:377.6,Bstd:274.1,StrandBias:0.0,Multiplicity:1.70
0.138	0.094	0.609	0.159
0.200	0.001	0.782	0.017
0.027	0.112	0.860	0.001
0.001	0.033	0.965	0.001
0.053	0.933	0.001	0.013
0.001	0.048	0.950	0.001
0.032	0.001	0.825	0.142
0.130	0.009	0.746	0.115
0.140	0.140	0.719	0.001
0.151	0.828	0.020	0.001
0.095	0.351	0.379	0.175
0.285	0.103	0.314	0.298
>SSGGGCGGAAGB	12-SSGGGCGGAAGB	6.922871	-1025.881296	0	T:20999.0(26.33%),B:15152.0(19.72%),P:1e-445	Tpos:557.4,Tstd:397.5,Bpos:380.2,Bstd:242.4,StrandBias:0.0,Multiplicity:1.41
0.203	0.321	0.397	0.079
0.214	0.242	0.385	0.158
0.001	0.146	0.852	0.001
0.084	0.324	0.549	0.043
0.130	0.188	0.681	0.001
0.221	0.777	0.001	0.001
0.001	0.057	0.941	0.001
0.046	0.001	0.951	0.002
0.907	0.001	0.001	0.091
0.916	0.001	0.001	0.082
0.235	0.241	0.466	0.058
0.157	0.304	0.327	0.212
>TTCCGGGAAGTG	13-TTCCGGGAAGTG	7.289224	-901.136679	0	T:19605.0(24.58%),B:14239.2(18.53%),P:1e-391	Tpos:521.3,Tstd:378.6,Bpos:381.6,Bstd:231.4,StrandBias:-0.0,Multiplicity:1.26
0.107	0.143	0.117	0.633
0.029	0.156	0.202	0.613
0.043	0.834	0.055	0.068
0.062	0.725	0.013	0.200
0.260	0.126	0.488	0.127
0.014	0.001	0.984	0.001
0.014	0.001	0.960	0.025
0.790	0.131	0.036	0.043
0.795	0.039	0.150	0.016
0.153	0.180	0.573	0.094
0.058	0.255	0.161	0.526
0.051	0.085	0.721	0.143
>AACCTTTGACCT	14-AACCTTTGACCT	6.868403	-823.821787	0	T:17667.0(22.15%),B:12755.1(16.60%),P:1e-357	Tpos:456.1,Tstd:349.2,Bpos:377.1,Bstd:220.4,StrandBias:0.0,Multiplicity:1.13
0.729	0.069	0.075	0.127
0.776	0.135	0.025	0.064
0.069	0.781	0.024	0.126
0.036	0.691	0.016	0.257
0.042	0.039	0.036	0.883
0.036	0.043	0.096	0.825
0.021	0.016	0.026	0.937
0.062	0.018	0.892	0.028
0.552	0.259	0.082	0.107
0.256	0.559	0.101	0.084
0.032	0.913	0.019	0.036
0.058	0.178	0.017	0.747
>GGCAGBCTGCCA	15-GGCAGBCTGCCA	7.289525	-767.277600	0	T:16842.0(21.12%),B:12184.5(15.86%),P:1e-333	Tpos:473.2,Tstd:353.1,Bpos:379.4,Bstd:223.8,StrandBias:-0.0,Multiplicity:1.19
0.010	0.009	0.965	0.016
0.123	0.052	0.706	0.119
0.114	0.847	0.038	0.001
0.747	0.035	0.023	0.195
0.192	0.158	0.516	0.134
0.113	0.277	0.279	0.332
0.052	0.591	0.185	0.172
0.190	0.011	0.029	0.770
0.020	0.062	0.822	0.096
0.125	0.758	0.032	0.085
0.042	0.922	0.009	0.027
0.755	0.119	0.003	0.123
>CGCGCGGAGGGA	16-CGCGCGGAGGGA	7.671178	-644.652417	0	T:8765.0(10.99%),B:5721.7(7.45%),P:1e-279	Tpos:663.2,Tstd:412.0,Bpos:376.6,Bstd:277.5,StrandBias:-0.1,Multiplicity:1.59
0.092	0.714	0.110	0.084
0.080	0.100	0.751	0.069
0.091	0.721	0.135	0.053
0.053	0.119	0.770	0.058
0.086	0.716	0.135	0.063
0.081	0.088	0.772	0.059
0.047	0.110	0.800	0.043
0.669	0.122	0.138	0.071
0.065	0.068	0.827	0.040
0.084	0.080	0.789	0.047
0.083	0.107	0.774	0.036
0.700	0.091	0.124	0.085
>CGGTCACGTGAC	17-CGGTCACGTGAC	-5.231360	-612.421019	0	T:26485.0(33.21%),B:21191.5(27.58%),P:1e-265	Tpos:506.1,Tstd:374.2,Bpos:378.0,Bstd:233.1,StrandBias:0.0,Multiplicity:1.29
0.187	0.722	0.001	0.090
0.144	0.171	0.684	0.001
0.001	0.001	0.997	0.001
0.001	0.001	0.001	0.997
0.001	0.997	0.001	0.001
0.997	0.001	0.001	0.001
0.001	0.657	0.001	0.341
0.001	0.001	0.997	0.001
0.001	0.001	0.001	0.997
0.001	0.001	0.997	0.001
0.997	0.001	0.001	0.001
0.001	0.997	0.001	0.001
>AGGTCANTGACC	18-AGGTCANTGACC	7.831208	-602.928664	0	T:7957.0(9.98%),B:5152.2(6.71%),P:1e-261	Tpos:452.5,Tstd:350.4,Bpos:378.7,Bstd:220.0,StrandBias:-0.1,Multiplicity:1.06
0.769	0.003	0.183	0.045
0.176	0.001	0.713	0.110
0.085	0.016	0.574	0.325
0.079	0.129	0.283	0.509
0.177	0.672	0.062	0.089
0.994	0.001	0.001	0.004
0.307	0.185	0.294	0.214
0.016	0.001	0.023	0.960
0.065	0.130	0.773	0.032
0.613	0.086	0.071	0.230
0.280	0.563	0.053	0.104
0.133	0.717	0.001	0.149
>GAAACTGCTGAC	19-GAAACTGCTGAC	-4.471307	-565.791944	0	T:22023.0(27.61%),B:17312.7(22.53%),P:1e-245	Tpos:471.8,Tstd:363.1,Bpos:377.8,Bstd:226.8,StrandBias:0.0,Multiplicity:1.19
0.300	0.001	0.698	0.001
0.997	0.001	0.001	0.001
0.997	0.001	0.001	0.001
0.997	0.001	0.001	0.001
0.001	0.997	0.001	0.001
0.001	0.001	0.002	0.996
0.001	0.001	0.997	0.001
0.001	0.997	0.001	0.001
0.001	0.001	0.001	0.997
0.001	0.001	0.997	0.001
0.997	0.001	0.001	0.001
0.001	0.997	0.001	0.001
>GCGCATGCGCAT	20-GCGCATGCGCAT	9.435378	-522.217786	0	T:2544.0(3.19%),B:1210.5(1.58%),P:1e-226	Tpos:673.7,Tstd:347.2,Bpos:374.7,Bstd:284.1,StrandBias:-0.0,Multiplicity:1.20
0.106	0.026	0.855	0.013
0.106	0.817	0.061	0.016
0.025	0.001	0.973	0.001
0.001	0.985	0.013	0.001
0.762	0.197	0.037	0.004
0.061	0.060	0.123	0.756
0.001	0.013	0.985	0.001
0.016	0.936	0.009	0.039
0.001	0.017	0.864	0.118
0.001	0.883	0.003	0.113
0.516	0.285	0.169	0.030
0.136	0.214	0.240	0.410
>GGGGAAAGTCCC	21-GGGGAAAGTCCC	-0.144483	-358.737570	0	T:8293.0(10.40%),B:5958.2(7.76%),P:1e-155	Tpos:523.9,Tstd:386.2,Bpos:385.2,Bstd:232.3,StrandBias:0.1,Multiplicity:1.10
0.001	0.001	0.997	0.001
0.001	0.001	0.997	0.001
0.001	0.053	0.945	0.001
0.001	0.001	0.997	0.001
0.997	0.001	0.001	0.001
0.997	0.001	0.001	0.001
0.997	0.001	0.001	0.001
0.001	0.001	0.997	0.001
0.001	0.001	0.001	0.997
0.001	0.997	0.001	0.001
0.001	0.997	0.001	0.001
0.001	0.997	0.001	0.001
>ACTTCTGCTTTT	22-ACTTCTGCTTTT	9.835710	-289.964940	0	T:1018.0(1.28%),B:418.9(0.55%),P:1e-125	Tpos:448.1,Tstd:323.2,Bpos:377.9,Bstd:215.9,StrandBias:-0.1,Multiplicity:1.01
0.800	0.025	0.135	0.040
0.025	0.587	0.224	0.164
0.149	0.041	0.039	0.771
0.048	0.047	0.042	0.863
0.026	0.657	0.186	0.131
0.153	0.059	0.020	0.768
0.027	0.305	0.653	0.015
0.031	0.591	0.150	0.228
0.149	0.216	0.026	0.609
0.120	0.133	0.194	0.553
0.113	0.191	0.095	0.601
0.108	0.241	0.149	0.502
>GTGGGGCTGCGC	23-GTGGGGCTGCGC	12.355432	-175.302535	0	T:57.0(0.07%),B:1.7(0.00%),P:1e-76	Tpos:555.1,Tstd:345.6,Bpos:660.6,Bstd:23.1,StrandBias:-0.2,Multiplicity:1.00
0.100	0.100	0.700	0.100
0.100	0.100	0.100	0.700
0.100	0.100	0.700	0.100
0.100	0.100	0.700	0.100
0.100	0.100	0.700	0.100
0.100	0.100	0.700	0.100
0.100	0.700	0.100	0.100
0.100	0.100	0.100	0.700
0.100	0.100	0.700	0.100
0.100	0.700	0.100	0.100
0.100	0.100	0.700	0.100
0.100	0.700	0.100	0.100
>TAAGGTTVTGAC	24-TAAGGTTVTGAC	-5.412283	-125.109777	0	T:24147.0(30.28%),B:21344.0(27.78%),P:1e-54	Tpos:456.7,Tstd:358.2,Bpos:381.3,Bstd:223.9,StrandBias:-0.0,Multiplicity:1.23
0.001	0.001	0.001	0.997
0.997	0.001	0.001	0.001
0.997	0.001	0.001	0.001
0.001	0.110	0.888	0.001
0.001	0.001	0.997	0.001
0.001	0.001	0.001	0.997
0.001	0.001	0.001	0.997
0.322	0.355	0.322	0.001
0.233	0.001	0.001	0.765
0.001	0.001	0.997	0.001
0.997	0.001	0.001	0.001
0.001	0.997	0.001	0.001
>GGACGTCCTTAG	25-GGACGTCCTTAG	-0.873599	-81.224704	0	T:15498.0(19.43%),B:13617.5(17.72%),P:1e-35	Tpos:496.1,Tstd:384.6,Bpos:379.6,Bstd:228.0,StrandBias:0.0,Multiplicity:1.14
0.122	0.001	0.698	0.179
0.001	0.001	0.997	0.001
0.755	0.001	0.122	0.122
0.001	0.997	0.001	0.001
0.001	0.001	0.997	0.001
0.001	0.001	0.001	0.997
0.121	0.877	0.001	0.001
0.001	0.877	0.001	0.121
0.001	0.001	0.001	0.997
0.001	0.001	0.001	0.997
0.997	0.001	0.001	0.001
0.001	0.084	0.672	0.243
>YGVMCTTT	1-YGVMCTTT	6.625185	-2837.020063	0	T:33386.0(41.86%),B:22524.0(29.32%),P:1e-1232	Tpos:464.7,Tstd:356.6,Bpos:378.4,Bstd:230.7,StrandBias:0.1,Multiplicity:1.36
0.001	0.534	0.001	0.464
0.001	0.001	0.997	0.001
0.368	0.338	0.292	0.001
0.438	0.445	0.055	0.062
0.193	0.731	0.075	0.001
0.001	0.286	0.001	0.712
0.034	0.385	0.019	0.562
0.173	0.001	0.001	0.825
>TTDYGCAA	2-TTDYGCAA	6.593350	-2799.407184	0	T:25688.0(32.21%),B:16020.5(20.85%),P:1e-1215	Tpos:437.1,Tstd:330.3,Bpos:379.4,Bstd:229.9,StrandBias:-0.0,Multiplicity:1.30
0.006	0.010	0.009	0.975
0.008	0.010	0.210	0.772
0.303	0.009	0.371	0.318
0.130	0.439	0.048	0.383
0.148	0.046	0.785	0.021
0.038	0.895	0.015	0.052
0.890	0.046	0.044	0.020
0.944	0.017	0.027	0.012
>MGGAAGTG	3-MGGAAGTG	6.419565	-2372.849441	0	T:31409.0(39.38%),B:21557.9(28.06%),P:1e-1030	Tpos:479.8,Tstd:348.8,Bpos:381.7,Bstd:228.5,StrandBias:-0.0,Multiplicity:1.41
0.396	0.458	0.120	0.025
0.001	0.023	0.951	0.025
0.083	0.016	0.877	0.024
0.904	0.030	0.036	0.030
0.921	0.023	0.032	0.024
0.256	0.144	0.564	0.036
0.076	0.129	0.067	0.728
0.158	0.103	0.599	0.140
>TGACTCAT	4-TGACTCAT	8.887347	-1592.894911	0	T:10453.0(13.11%),B:5661.5(7.37%),P:1e-691	Tpos:427.2,Tstd:319.5,Bpos:382.9,Bstd:219.0,StrandBias:-0.0,Multiplicity:1.11
0.001	0.001	0.001	0.997
0.001	0.001	0.997	0.001
0.997	0.001	0.001	0.001
0.001	0.703	0.295	0.001
0.001	0.001	0.001	0.997
0.001	0.997	0.001	0.001
0.997	0.001	0.001	0.001
0.001	0.160	0.215	0.624
>AACYGAAA	5-AACYGAAA	6.974226	-1528.465280	0	T:24716.0(30.99%),B:17292.4(22.51%),P:1e-663	Tpos:462.6,Tstd:353.4,Bpos:381.9,Bstd:231.7,StrandBias:-0.0,Multiplicity:1.26
0.863	0.059	0.001	0.077
0.934	0.024	0.041	0.001
0.093	0.735	0.171	0.001
0.189	0.422	0.114	0.275
0.001	0.082	0.916	0.001
0.589	0.001	0.409	0.001
0.982	0.001	0.016	0.001
0.973	0.025	0.001	0.001
>GTAAACAG	6-GTAAACAG	5.461536	-1421.408607	0	T:38762.0(48.60%),B:30191.0(39.30%),P:1e-617	Tpos:448.6,Tstd:342.6,Bpos:379.6,Bstd:228.9,StrandBias:0.0,Multiplicity:1.52
0.060	0.001	0.917	0.022
0.001	0.110	0.084	0.805
0.938	0.060	0.001	0.001
0.974	0.024	0.001	0.001
0.923	0.015	0.042	0.020
0.001	0.955	0.001	0.043
0.997	0.001	0.001	0.001
0.190	0.080	0.678	0.052
>CCACTAGA	7-CCACTAGA	10.025198	-1355.971501	0	T:4660.0(5.84%),B:1910.0(2.49%),P:1e-588	Tpos:391.0,Tstd:321.4,Bpos:381.8,Bstd:216.3,StrandBias:-0.1,Multiplicity:1.02
0.001	0.997	0.001	0.001
0.001	0.997	0.001	0.001
0.997	0.001	0.001	0.001
0.001	0.997	0.001	0.001
0.001	0.001	0.001	0.997
0.997	0.001	0.001	0.001
0.001	0.001	0.997	0.001
0.646	0.001	0.352	0.001
>TTACSTAA	8-TTACSTAA	6.419480	-1236.802051	0	T:26088.0(32.71%),B:19111.1(24.88%),P:1e-537	Tpos:437.5,Tstd:341.7,Bpos:381.5,Bstd:225.9,StrandBias:0.0,Multiplicity:1.25
0.001	0.001	0.001	0.997
0.132	0.056	0.128	0.684
0.586	0.001	0.412	0.001
0.001	0.997	0.001	0.001
0.139	0.497	0.363	0.001
0.358	0.108	0.001	0.533
0.641	0.236	0.075	0.048
0.982	0.016	0.001	0.001
>AAGCGRAA	9-AAGCGRAA	6.098313	-1200.928017	0	T:25680.0(32.20%),B:18834.7(24.52%),P:1e-521	Tpos:488.3,Tstd:377.4,Bpos:380.7,Bstd:228.9,StrandBias:0.0,Multiplicity:1.22
0.611	0.001	0.304	0.084
0.771	0.001	0.039	0.189
0.191	0.250	0.558	0.001
0.147	0.619	0.233	0.001
0.082	0.282	0.635	0.001
0.436	0.001	0.495	0.068
0.741	0.001	0.257	0.001
0.830	0.001	0.001	0.168
>HGCCAYCT	10-HGCCAYCT	8.021864	-1103.029583	0	T:11809.0(14.81%),B:7356.0(9.57%),P:1e-479	Tpos:446.6,Tstd:352.6,Bpos:379.6,Bstd:226.9,StrandBias:0.1,Multiplicity:1.08
0.255	0.395	0.001	0.349
0.036	0.001	0.962	0.001
0.021	0.940	0.001	0.038
0.044	0.749	0.010	0.197
0.697	0.001	0.037	0.265
0.082	0.445	0.147	0.327
0.001	0.939	0.059	0.001
0.044	0.001	0.036	0.919
>TGACCTCR	11-TGACCTCR	6.520803	-1057.836220	0	T:24406.0(30.60%),B:18051.7(23.50%),P:1e-459	Tpos:457.1,Tstd:346.6,Bpos:379.9,Bstd:222.5,StrandBias:-0.0,Multiplicity:1.18
0.001	0.014	0.001	0.984
0.320	0.041	0.520	0.119
0.997	0.001	0.001	0.001
0.001	0.997	0.001	0.001
0.119	0.767	0.113	0.001
0.145	0.048	0.070	0.737
0.320	0.551	0.001	0.128
0.444	0.050	0.326	0.180
>TGRACTTT	12-TGRACTTT	7.229960	-1040.464481	0	T:22556.0(28.28%),B:16470.7(21.44%),P:1e-451	Tpos:451.6,Tstd:347.5,Bpos:380.7,Bstd:224.8,StrandBias:0.0,Multiplicity:1.13
0.154	0.133	0.179	0.534
0.001	0.105	0.790	0.104
0.426	0.001	0.534	0.039
0.997	0.001	0.001	0.001
0.001	0.997	0.001	0.001
0.001	0.268	0.050	0.681
0.001	0.255	0.226	0.518
0.001	0.001	0.001	0.997
>ATKACTCA	13-ATKACTCA	7.126434	-1029.112341	0	T:15075.0(18.90%),B:10128.8(13.18%),P:1e-446	Tpos:438.6,Tstd:331.9,Bpos:376.9,Bstd:217.7,StrandBias:0.1,Multiplicity:1.11
0.924	0.050	0.025	0.001
0.001	0.050	0.058	0.891
0.001	0.027	0.554	0.418
0.870	0.001	0.016	0.113
0.140	0.624	0.088	0.148
0.162	0.136	0.154	0.548
0.103	0.868	0.014	0.015
0.861	0.037	0.101	0.001
>TTTCCGGC	14-TTTCCGGC	6.270542	-1014.424630	0	T:13387.0(16.78%),B:8773.0(11.42%),P:1e-440	Tpos:604.9,Tstd:413.7,Bpos:377.8,Bstd:260.8,StrandBias:-0.0,Multiplicity:1.37
0.085	0.160	0.033	0.722
0.083	0.196	0.030	0.691
0.130	0.212	0.086	0.572
0.051	0.826	0.058	0.065
0.071	0.840	0.051	0.038
0.067	0.073	0.845	0.015
0.036	0.066	0.863	0.035
0.197	0.642	0.081	0.080
>SCTGCCAA	15-SCTGCCAA	5.886305	-973.428933	0	T:35801.0(44.89%),B:28629.8(37.26%),P:1e-422	Tpos:489.2,Tstd:373.1,Bpos:380.7,Bstd:230.4,StrandBias:-0.0,Multiplicity:1.52
0.001	0.501	0.497	0.001
0.001	0.715	0.001	0.283
0.001	0.001	0.086	0.912
0.001	0.001	0.997	0.001
0.001	0.788	0.210	0.001
0.001	0.997	0.001	0.001
0.997	0.001	0.001	0.001
0.577	0.001	0.421	0.001
>CCGCCCCG	16-CCGCCCCG	8.851246	-785.640809	0	T:10552.0(13.23%),B:6896.1(8.98%),P:1e-341	Tpos:647.6,Tstd:385.4,Bpos:375.6,Bstd:277.8,StrandBias:0.1,Multiplicity:1.91
0.054	0.905	0.001	0.040
0.001	0.934	0.064	0.001
0.001	0.001	0.941	0.057
0.001	0.966	0.032	0.001
0.015	0.912	0.037	0.036
0.001	0.997	0.001	0.001
0.039	0.838	0.081	0.042
0.048	0.182	0.653	0.117
>GGGGGMGG	17-GGGGGMGG	7.712725	-752.492840	0	T:15663.0(19.64%),B:11212.9(14.59%),P:1e-326	Tpos:590.7,Tstd:404.1,Bpos:379.9,Bstd:245.4,StrandBias:-0.1,Multiplicity:1.39
0.244	0.045	0.623	0.088
0.104	0.126	0.757	0.013
0.055	0.136	0.771	0.038
0.001	0.123	0.875	0.001
0.074	0.001	0.891	0.034
0.423	0.457	0.075	0.046
0.001	0.018	0.972	0.009
0.121	0.105	0.692	0.082
>CCGGGTTA	18-CCGGGTTA	5.728407	-726.009800	0	T:17635.0(22.11%),B:12971.5(16.88%),P:1e-315	Tpos:585.1,Tstd:417.7,Bpos:380.6,Bstd:254.1,StrandBias:-0.1,Multiplicity:1.52
0.001	0.743	0.134	0.122
0.001	0.618	0.358	0.023
0.001	0.314	0.684	0.001
0.110	0.292	0.597	0.001
0.102	0.249	0.460	0.190
0.001	0.206	0.013	0.780
0.001	0.001	0.001	0.997
0.426	0.162	0.140	0.271
>CTGRYTAG	19-CTGRYTAG	6.406842	-615.999537	0	T:30422.0(38.14%),B:24793.2(32.27%),P:1e-267	Tpos:473.1,Tstd:358.0,Bpos:378.1,Bstd:224.2,StrandBias:-0.0,Multiplicity:1.34
0.006	0.833	0.151	0.010
0.001	0.256	0.001	0.742
0.001	0.001	0.997	0.001
0.468	0.211	0.321	0.001
0.001	0.541	0.001	0.457
0.151	0.001	0.001	0.847
0.767	0.001	0.231	0.001
0.195	0.133	0.671	0.001
>YCGCGCNA	20-YCGCGCNA	5.538864	-577.224765	0	T:10842.0(13.59%),B:7560.6(9.84%),P:1e-250	Tpos:645.7,Tstd:397.8,Bpos:378.3,Bstd:284.6,StrandBias:0.1,Multiplicity:1.71
0.139	0.395	0.001	0.465
0.160	0.746	0.093	0.001
0.075	0.089	0.780	0.056
0.078	0.731	0.189	0.002
0.001	0.200	0.798	0.001
0.269	0.468	0.001	0.262
0.249	0.242	0.237	0.271
0.706	0.249	0.001	0.044
>TGTGGTTT	21-TGTGGTTT	4.522575	-565.744116	0	T:18150.0(22.76%),B:13868.8(18.05%),P:1e-245	Tpos:457.0,Tstd:350.3,Bpos:380.3,Bstd:231.2,StrandBias:-0.1,Multiplicity:1.17
0.001	0.033	0.001	0.965
0.001	0.001	0.997	0.001
0.104	0.049	0.001	0.846
0.001	0.022	0.976	0.001
0.001	0.001	0.997	0.001
0.001	0.001	0.001	0.997
0.001	0.001	0.001	0.997
0.244	0.001	0.111	0.644
>TCCGCGCG	22-TCCGCGCG	6.641877	-560.941969	0	T:9510.0(11.92%),B:6495.0(8.45%),P:1e-243	Tpos:670.0,Tstd:409.3,Bpos:378.6,Bstd:292.7,StrandBias:0.1,Multiplicity:1.93
0.098	0.170	0.131	0.601
0.063	0.849	0.019	0.069
0.063	0.807	0.063	0.067
0.027	0.087	0.822	0.064
0.103	0.651	0.212	0.034
0.027	0.167	0.729	0.077
0.084	0.800	0.098	0.018
0.080	0.073	0.743	0.104
>GTCACATG	23-GTCACATG	7.875408	-558.763376	0	T:6087.0(7.63%),B:3757.8(4.89%),P:1e-242	Tpos:493.5,Tstd:364.4,Bpos:377.7,Bstd:225.1,StrandBias:-0.1,Multiplicity:1.07
0.152	0.001	0.846	0.001
0.001	0.001	0.001	0.997
0.001	0.997	0.001	0.001
0.997	0.001	0.001	0.001
0.001	0.997	0.001	0.001
0.729	0.001	0.269	0.001
0.001	0.001	0.001	0.997
0.001	0.001	0.997	0.001
>AACVTTTG	24-AACVTTTG	7.365441	-402.028186	0	T:14296.0(17.92%),B:10996.2(14.31%),P:1e-174	Tpos:443.2,Tstd:339.7,Bpos:378.5,Bstd:226.4,StrandBias:-0.0,Multiplicity:1.14
0.863	0.001	0.104	0.032
0.941	0.001	0.001	0.057
0.001	0.675	0.001	0.323
0.417	0.286	0.296	0.001
0.107	0.069	0.251	0.573
0.001	0.001	0.001	0.997
0.001	0.199	0.058	0.742
0.035	0.036	0.928	0.001
>TAATCATT	25-TAATCATT	10.743592	-243.371700	0	T:2392.0(3.00%),B:1429.7(1.86%),P:1e-105	Tpos:436.3,Tstd:302.5,Bpos:376.5,Bstd:223.8,StrandBias:0.1,Multiplicity:1.04
0.001	0.001	0.001	0.997
0.997	0.001	0.001	0.001
0.997	0.001	0.001	0.001
0.001	0.001	0.001	0.997
0.001	0.722	0.276	0.001
0.997	0.001	0.001	0.001
0.001	0.001	0.001	0.997
0.001	0.001	0.001	0.997
