>YGVMCTTT	1-YGVMCTTT	6.625185	-2837.020063	0	T:33386.0(41.86%),B:22524.0(29.32%),P:1e-1232	Tpos:464.7,Tstd:356.6,Bpos:378.4,Bstd:230.7,StrandBias:0.1,Multiplicity:1.36
0.001	0.534	0.001	0.464
0.001	0.001	0.997	0.001
0.368	0.338	0.292	0.001
0.438	0.445	0.055	0.062
0.193	0.731	0.075	0.001
0.001	0.286	0.001	0.712
0.034	0.385	0.019	0.562
0.173	0.001	0.001	0.825
>TTDYGCAA	2-TTDYGCAA	6.593350	-2799.407184	0	T:25688.0(32.21%),B:16020.5(20.85%),P:1e-1215	Tpos:437.1,Tstd:330.3,Bpos:379.4,Bstd:229.9,StrandBias:-0.0,Multiplicity:1.30
0.006	0.010	0.009	0.975
0.008	0.010	0.210	0.772
0.303	0.009	0.371	0.318
0.130	0.439	0.048	0.383
0.148	0.046	0.785	0.021
0.038	0.895	0.015	0.052
0.890	0.046	0.044	0.020
0.944	0.017	0.027	0.012
>MGGAAGTG	3-MGGAAGTG	6.419565	-2372.849441	0	T:31409.0(39.38%),B:21557.9(28.06%),P:1e-1030	Tpos:479.8,Tstd:348.8,Bpos:381.7,Bstd:228.5,StrandBias:-0.0,Multiplicity:1.41
0.396	0.458	0.120	0.025
0.001	0.023	0.951	0.025
0.083	0.016	0.877	0.024
0.904	0.030	0.036	0.030
0.921	0.023	0.032	0.024
0.256	0.144	0.564	0.036
0.076	0.129	0.067	0.728
0.158	0.103	0.599	0.140
>TGACTCAT	4-TGACTCAT	8.887347	-1592.894911	0	T:10453.0(13.11%),B:5661.5(7.37%),P:1e-691	Tpos:427.2,Tstd:319.5,Bpos:382.9,Bstd:219.0,StrandBias:-0.0,Multiplicity:1.11
0.001	0.001	0.001	0.997
0.001	0.001	0.997	0.001
0.997	0.001	0.001	0.001
0.001	0.703	0.295	0.001
0.001	0.001	0.001	0.997
0.001	0.997	0.001	0.001
0.997	0.001	0.001	0.001
0.001	0.160	0.215	0.624
>AACYGAAA	5-AACYGAAA	6.974226	-1528.465280	0	T:24716.0(30.99%),B:17292.4(22.51%),P:1e-663	Tpos:462.6,Tstd:353.4,Bpos:381.9,Bstd:231.7,StrandBias:-0.0,Multiplicity:1.26
0.863	0.059	0.001	0.077
0.934	0.024	0.041	0.001
0.093	0.735	0.171	0.001
0.189	0.422	0.114	0.275
0.001	0.082	0.916	0.001
0.589	0.001	0.409	0.001
0.982	0.001	0.016	0.001
0.973	0.025	0.001	0.001
>GTAAACAG	6-GTAAACAG	5.461536	-1421.408607	0	T:38762.0(48.60%),B:30191.0(39.30%),P:1e-617	Tpos:448.6,Tstd:342.6,Bpos:379.6,Bstd:228.9,StrandBias:0.0,Multiplicity:1.52
0.060	0.001	0.917	0.022
0.001	0.110	0.084	0.805
0.938	0.060	0.001	0.001
0.974	0.024	0.001	0.001
0.923	0.015	0.042	0.020
0.001	0.955	0.001	0.043
0.997	0.001	0.001	0.001
0.190	0.080	0.678	0.052
>CCACTAGA	7-CCACTAGA	10.025198	-1355.971501	0	T:4660.0(5.84%),B:1910.0(2.49%),P:1e-588	Tpos:391.0,Tstd:321.4,Bpos:381.8,Bstd:216.3,StrandBias:-0.1,Multiplicity:1.02
0.001	0.997	0.001	0.001
0.001	0.997	0.001	0.001
0.997	0.001	0.001	0.001
0.001	0.997	0.001	0.001
0.001	0.001	0.001	0.997
0.997	0.001	0.001	0.001
0.001	0.001	0.997	0.001
0.646	0.001	0.352	0.001
>TTACSTAA	8-TTACSTAA	6.419480	-1236.802051	0	T:26088.0(32.71%),B:19111.1(24.88%),P:1e-537	Tpos:437.5,Tstd:341.7,Bpos:381.5,Bstd:225.9,StrandBias:0.0,Multiplicity:1.25
0.001	0.001	0.001	0.997
0.132	0.056	0.128	0.684
0.586	0.001	0.412	0.001
0.001	0.997	0.001	0.001
0.139	0.497	0.363	0.001
0.358	0.108	0.001	0.533
0.641	0.236	0.075	0.048
0.982	0.016	0.001	0.001
>AAGCGRAA	9-AAGCGRAA	6.098313	-1200.928017	0	T:25680.0(32.20%),B:18834.7(24.52%),P:1e-521	Tpos:488.3,Tstd:377.4,Bpos:380.7,Bstd:228.9,StrandBias:0.0,Multiplicity:1.22
0.611	0.001	0.304	0.084
0.771	0.001	0.039	0.189
0.191	0.250	0.558	0.001
0.147	0.619	0.233	0.001
0.082	0.282	0.635	0.001
0.436	0.001	0.495	0.068
0.741	0.001	0.257	0.001
0.830	0.001	0.001	0.168
>HGCCAYCT	10-HGCCAYCT	8.021864	-1103.029583	0	T:11809.0(14.81%),B:7356.0(9.57%),P:1e-479	Tpos:446.6,Tstd:352.6,Bpos:379.6,Bstd:226.9,StrandBias:0.1,Multiplicity:1.08
0.255	0.395	0.001	0.349
0.036	0.001	0.962	0.001
0.021	0.940	0.001	0.038
0.044	0.749	0.010	0.197
0.697	0.001	0.037	0.265
0.082	0.445	0.147	0.327
0.001	0.939	0.059	0.001
0.044	0.001	0.036	0.919
>TGACCTCR	11-TGACCTCR	6.520803	-1057.836220	0	T:24406.0(30.60%),B:18051.7(23.50%),P:1e-459	Tpos:457.1,Tstd:346.6,Bpos:379.9,Bstd:222.5,StrandBias:-0.0,Multiplicity:1.18
0.001	0.014	0.001	0.984
0.320	0.041	0.520	0.119
0.997	0.001	0.001	0.001
0.001	0.997	0.001	0.001
0.119	0.767	0.113	0.001
0.145	0.048	0.070	0.737
0.320	0.551	0.001	0.128
0.444	0.050	0.326	0.180
>TGRACTTT	12-TGRACTTT	7.229960	-1040.464481	0	T:22556.0(28.28%),B:16470.7(21.44%),P:1e-451	Tpos:451.6,Tstd:347.5,Bpos:380.7,Bstd:224.8,StrandBias:0.0,Multiplicity:1.13
0.154	0.133	0.179	0.534
0.001	0.105	0.790	0.104
0.426	0.001	0.534	0.039
0.997	0.001	0.001	0.001
0.001	0.997	0.001	0.001
0.001	0.268	0.050	0.681
0.001	0.255	0.226	0.518
0.001	0.001	0.001	0.997
>ATKACTCA	13-ATKACTCA	7.126434	-1029.112341	0	T:15075.0(18.90%),B:10128.8(13.18%),P:1e-446	Tpos:438.6,Tstd:331.9,Bpos:376.9,Bstd:217.7,StrandBias:0.1,Multiplicity:1.11
0.924	0.050	0.025	0.001
0.001	0.050	0.058	0.891
0.001	0.027	0.554	0.418
0.870	0.001	0.016	0.113
0.140	0.624	0.088	0.148
0.162	0.136	0.154	0.548
0.103	0.868	0.014	0.015
0.861	0.037	0.101	0.001
>TTTCCGGC	14-TTTCCGGC	6.270542	-1014.424630	0	T:13387.0(16.78%),B:8773.0(11.42%),P:1e-440	Tpos:604.9,Tstd:413.7,Bpos:377.8,Bstd:260.8,StrandBias:-0.0,Multiplicity:1.37
0.085	0.160	0.033	0.722
0.083	0.196	0.030	0.691
0.130	0.212	0.086	0.572
0.051	0.826	0.058	0.065
0.071	0.840	0.051	0.038
0.067	0.073	0.845	0.015
0.036	0.066	0.863	0.035
0.197	0.642	0.081	0.080
>SCTGCCAA	15-SCTGCCAA	5.886305	-973.428933	0	T:35801.0(44.89%),B:28629.8(37.26%),P:1e-422	Tpos:489.2,Tstd:373.1,Bpos:380.7,Bstd:230.4,StrandBias:-0.0,Multiplicity:1.52
0.001	0.501	0.497	0.001
0.001	0.715	0.001	0.283
0.001	0.001	0.086	0.912
0.001	0.001	0.997	0.001
0.001	0.788	0.210	0.001
0.001	0.997	0.001	0.001
0.997	0.001	0.001	0.001
0.577	0.001	0.421	0.001
>CCGCCCCG	16-CCGCCCCG	8.851246	-785.640809	0	T:10552.0(13.23%),B:6896.1(8.98%),P:1e-341	Tpos:647.6,Tstd:385.4,Bpos:375.6,Bstd:277.8,StrandBias:0.1,Multiplicity:1.91
0.054	0.905	0.001	0.040
0.001	0.934	0.064	0.001
0.001	0.001	0.941	0.057
0.001	0.966	0.032	0.001
0.015	0.912	0.037	0.036
0.001	0.997	0.001	0.001
0.039	0.838	0.081	0.042
0.048	0.182	0.653	0.117
>GGGGGMGG	17-GGGGGMGG	7.712725	-752.492840	0	T:15663.0(19.64%),B:11212.9(14.59%),P:1e-326	Tpos:590.7,Tstd:404.1,Bpos:379.9,Bstd:245.4,StrandBias:-0.1,Multiplicity:1.39
0.244	0.045	0.623	0.088
0.104	0.126	0.757	0.013
0.055	0.136	0.771	0.038
0.001	0.123	0.875	0.001
0.074	0.001	0.891	0.034
0.423	0.457	0.075	0.046
0.001	0.018	0.972	0.009
0.121	0.105	0.692	0.082
>CCGGGTTA	18-CCGGGTTA	5.728407	-726.009800	0	T:17635.0(22.11%),B:12971.5(16.88%),P:1e-315	Tpos:585.1,Tstd:417.7,Bpos:380.6,Bstd:254.1,StrandBias:-0.1,Multiplicity:1.52
0.001	0.743	0.134	0.122
0.001	0.618	0.358	0.023
0.001	0.314	0.684	0.001
0.110	0.292	0.597	0.001
0.102	0.249	0.460	0.190
0.001	0.206	0.013	0.780
0.001	0.001	0.001	0.997
0.426	0.162	0.140	0.271
>CTGRYTAG	19-CTGRYTAG	6.406842	-615.999537	0	T:30422.0(38.14%),B:24793.2(32.27%),P:1e-267	Tpos:473.1,Tstd:358.0,Bpos:378.1,Bstd:224.2,StrandBias:-0.0,Multiplicity:1.34
0.006	0.833	0.151	0.010
0.001	0.256	0.001	0.742
0.001	0.001	0.997	0.001
0.468	0.211	0.321	0.001
0.001	0.541	0.001	0.457
0.151	0.001	0.001	0.847
0.767	0.001	0.231	0.001
0.195	0.133	0.671	0.001
>YCGCGCNA	20-YCGCGCNA	5.538864	-577.224765	0	T:10842.0(13.59%),B:7560.6(9.84%),P:1e-250	Tpos:645.7,Tstd:397.8,Bpos:378.3,Bstd:284.6,StrandBias:0.1,Multiplicity:1.71
0.139	0.395	0.001	0.465
0.160	0.746	0.093	0.001
0.075	0.089	0.780	0.056
0.078	0.731	0.189	0.002
0.001	0.200	0.798	0.001
0.269	0.468	0.001	0.262
0.249	0.242	0.237	0.271
0.706	0.249	0.001	0.044
>TGTGGTTT	21-TGTGGTTT	4.522575	-565.744116	0	T:18150.0(22.76%),B:13868.8(18.05%),P:1e-245	Tpos:457.0,Tstd:350.3,Bpos:380.3,Bstd:231.2,StrandBias:-0.1,Multiplicity:1.17
0.001	0.033	0.001	0.965
0.001	0.001	0.997	0.001
0.104	0.049	0.001	0.846
0.001	0.022	0.976	0.001
0.001	0.001	0.997	0.001
0.001	0.001	0.001	0.997
0.001	0.001	0.001	0.997
0.244	0.001	0.111	0.644
>TCCGCGCG	22-TCCGCGCG	6.641877	-560.941969	0	T:9510.0(11.92%),B:6495.0(8.45%),P:1e-243	Tpos:670.0,Tstd:409.3,Bpos:378.6,Bstd:292.7,StrandBias:0.1,Multiplicity:1.93
0.098	0.170	0.131	0.601
0.063	0.849	0.019	0.069
0.063	0.807	0.063	0.067
0.027	0.087	0.822	0.064
0.103	0.651	0.212	0.034
0.027	0.167	0.729	0.077
0.084	0.800	0.098	0.018
0.080	0.073	0.743	0.104
>GTCACATG	23-GTCACATG	7.875408	-558.763376	0	T:6087.0(7.63%),B:3757.8(4.89%),P:1e-242	Tpos:493.5,Tstd:364.4,Bpos:377.7,Bstd:225.1,StrandBias:-0.1,Multiplicity:1.07
0.152	0.001	0.846	0.001
0.001	0.001	0.001	0.997
0.001	0.997	0.001	0.001
0.997	0.001	0.001	0.001
0.001	0.997	0.001	0.001
0.729	0.001	0.269	0.001
0.001	0.001	0.001	0.997
0.001	0.001	0.997	0.001
>AACVTTTG	24-AACVTTTG	7.365441	-402.028186	0	T:14296.0(17.92%),B:10996.2(14.31%),P:1e-174	Tpos:443.2,Tstd:339.7,Bpos:378.5,Bstd:226.4,StrandBias:-0.0,Multiplicity:1.14
0.863	0.001	0.104	0.032
0.941	0.001	0.001	0.057
0.001	0.675	0.001	0.323
0.417	0.286	0.296	0.001
0.107	0.069	0.251	0.573
0.001	0.001	0.001	0.997
0.001	0.199	0.058	0.742
0.035	0.036	0.928	0.001
>TAATCATT	25-TAATCATT	10.743592	-243.371700	0	T:2392.0(3.00%),B:1429.7(1.86%),P:1e-105	Tpos:436.3,Tstd:302.5,Bpos:376.5,Bstd:223.8,StrandBias:0.1,Multiplicity:1.04
0.001	0.001	0.001	0.997
0.997	0.001	0.001	0.001
0.997	0.001	0.001	0.001
0.001	0.001	0.001	0.997
0.001	0.722	0.276	0.001
0.997	0.001	0.001	0.001
0.001	0.001	0.001	0.997
0.001	0.001	0.001	0.997
