>CACTAGATGG	1-CACTAGATGG	6.889299	-1619.583698	0	T:5046.0(13.34%),B:1714.7(5.53%),P:1e-703	Tpos:427.3,Tstd:417.5,Bpos:530.1,Bstd:410.7,StrandBias:-0.0,Multiplicity:1.03
0.001	0.997	0.001	0.001
0.978	0.001	0.020	0.001
0.001	0.987	0.007	0.005
0.022	0.032	0.001	0.945
0.997	0.001	0.001	0.001
0.001	0.001	0.997	0.001
0.732	0.008	0.259	0.001
0.011	0.010	0.232	0.747
0.012	0.002	0.985	0.001
0.007	0.005	0.947	0.041
>AAGATGGCGG	2-AAGATGGCGG	7.608814	-1432.045960	0	T:4723.0(12.48%),B:1647.4(5.31%),P:1e-621	Tpos:661.0,Tstd:414.8,Bpos:505.8,Bstd:464.2,StrandBias:0.1,Multiplicity:1.12
0.950	0.001	0.001	0.048
0.962	0.013	0.001	0.024
0.093	0.096	0.774	0.037
0.997	0.001	0.001	0.001
0.026	0.006	0.040	0.928
0.001	0.001	0.995	0.003
0.001	0.001	0.986	0.012
0.001	0.986	0.001	0.012
0.001	0.031	0.954	0.014
0.063	0.063	0.827	0.047
>VSCGRAANDW	3-VSCGRAANDW	5.853533	-1425.148631	0	T:14212.0(37.56%),B:7794.4(25.14%),P:1e-618	Tpos:674.2,Tstd:455.6,Bpos:520.3,Bstd:481.4,StrandBias:0.1,Multiplicity:1.50
0.239	0.245	0.378	0.138
0.003	0.397	0.442	0.158
0.001	0.997	0.001	0.001
0.001	0.001	0.997	0.001
0.446	0.113	0.440	0.001
0.642	0.040	0.317	0.001
0.579	0.146	0.274	0.001
0.200	0.310	0.267	0.223
0.236	0.127	0.258	0.380
0.375	0.174	0.194	0.257
>GCMCCGCCCC	4-GCMCCGCCCC	8.285432	-1347.907560	0	T:15292.0(40.41%),B:8684.5(28.01%),P:1e-585	Tpos:679.6,Tstd:432.3,Bpos:514.3,Bstd:491.4,StrandBias:-0.1,Multiplicity:1.78
0.138	0.029	0.610	0.223
0.073	0.668	0.058	0.201
0.507	0.372	0.012	0.109
0.129	0.774	0.021	0.076
0.001	0.982	0.001	0.016
0.036	0.010	0.907	0.047
0.041	0.870	0.041	0.048
0.016	0.867	0.072	0.045
0.054	0.707	0.059	0.180
0.213	0.650	0.038	0.099
>CGATTGGYBR	5-CGATTGGYBR	5.862711	-1301.135776	0	T:7658.0(20.24%),B:3468.2(11.18%),P:1e-565	Tpos:640.7,Tstd:443.8,Bpos:515.0,Bstd:448.1,StrandBias:-0.1,Multiplicity:1.36
0.007	0.482	0.212	0.299
0.134	0.184	0.452	0.231
0.675	0.008	0.215	0.102
0.049	0.148	0.149	0.654
0.153	0.010	0.001	0.836
0.028	0.338	0.597	0.037
0.010	0.173	0.687	0.130
0.193	0.344	0.181	0.282
0.127	0.328	0.304	0.241
0.256	0.225	0.401	0.119
>KTTWGCGSCG	6-KTTWGCGSCG	5.259708	-1208.620614	0	T:15215.0(40.21%),B:8818.3(28.44%),P:1e-524	Tpos:700.0,Tstd:452.2,Bpos:519.2,Bstd:501.8,StrandBias:-0.0,Multiplicity:1.48
0.042	0.124	0.378	0.455
0.103	0.243	0.150	0.504
0.022	0.061	0.141	0.776
0.386	0.233	0.131	0.249
0.257	0.164	0.500	0.079
0.205	0.566	0.121	0.108
0.079	0.237	0.593	0.091
0.118	0.301	0.428	0.153
0.166	0.700	0.043	0.091
0.195	0.088	0.620	0.097
>CAMTTCCGKT	7-CAMTTCCGKT	6.421602	-1158.185865	0	T:13012.0(34.39%),B:7271.7(23.45%),P:1e-502	Tpos:647.3,Tstd:473.8,Bpos:517.6,Bstd:428.4,StrandBias:-0.1,Multiplicity:1.24
0.001	0.580	0.350	0.069
0.494	0.090	0.211	0.205
0.308	0.392	0.139	0.160
0.004	0.200	0.001	0.795
0.001	0.001	0.043	0.955
0.114	0.664	0.001	0.221
0.001	0.767	0.231	0.001
0.001	0.184	0.811	0.004
0.001	0.215	0.450	0.334
0.233	0.005	0.137	0.625
>TCGTCGCTTC	8-TCGTCGCTTC	6.558031	-1073.640988	0	T:12506.0(33.05%),B:7021.9(22.65%),P:1e-466	Tpos:706.1,Tstd:464.7,Bpos:517.1,Bstd:482.6,StrandBias:-0.0,Multiplicity:1.39
0.087	0.129	0.095	0.689
0.044	0.832	0.053	0.071
0.054	0.079	0.815	0.052
0.052	0.122	0.104	0.722
0.060	0.834	0.055	0.051
0.060	0.053	0.838	0.049
0.060	0.805	0.036	0.099
0.057	0.075	0.062	0.806
0.080	0.057	0.066	0.797
0.030	0.861	0.049	0.060
>TTCGGTCCGA	9-TTCGGTCCGA	5.005485	-998.337076	0	T:18417.0(48.67%),B:11600.5(37.41%),P:1e-433	Tpos:692.8,Tstd:458.0,Bpos:525.3,Bstd:487.8,StrandBias:0.0,Multiplicity:1.73
0.084	0.103	0.117	0.696
0.093	0.147	0.091	0.669
0.093	0.726	0.096	0.085
0.098	0.096	0.742	0.064
0.088	0.113	0.699	0.100
0.126	0.117	0.118	0.639
0.082	0.709	0.095	0.114
0.074	0.715	0.135	0.076
0.076	0.086	0.757	0.081
0.648	0.117	0.146	0.089
>CGGAACCGWA	10-CGGAACCGWA	5.973253	-998.195319	0	T:15604.0(41.24%),B:9427.1(30.40%),P:1e-433	Tpos:673.2,Tstd:465.5,Bpos:519.0,Bstd:474.2,StrandBias:0.0,Multiplicity:1.43
0.145	0.828	0.024	0.003
0.022	0.001	0.976	0.001
0.076	0.315	0.573	0.036
0.966	0.004	0.029	0.001
0.502	0.043	0.275	0.180
0.124	0.601	0.003	0.272
0.001	0.660	0.171	0.168
0.001	0.011	0.628	0.360
0.433	0.001	0.140	0.425
0.759	0.050	0.136	0.055
>CGCGTTACGT	11-CGCGTTACGT	4.896138	-949.544118	0	T:13293.0(35.13%),B:7775.2(25.08%),P:1e-412	Tpos:691.8,Tstd:470.8,Bpos:509.8,Bstd:489.3,StrandBias:0.0,Multiplicity:1.43
0.091	0.736	0.094	0.079
0.088	0.111	0.703	0.098
0.105	0.709	0.116	0.070
0.081	0.114	0.700	0.105
0.107	0.096	0.091	0.706
0.098	0.102	0.096	0.704
0.667	0.126	0.110	0.097
0.096	0.721	0.100	0.083
0.076	0.118	0.679	0.127
0.102	0.118	0.104	0.676
>CGGCCGGTTA	12-CGGCCGGTTA	5.615675	-945.499270	0	T:14930.0(39.46%),B:9002.7(29.03%),P:1e-410	Tpos:708.6,Tstd:451.4,Bpos:509.8,Bstd:503.1,StrandBias:-0.0,Multiplicity:1.63
0.074	0.701	0.163	0.062
0.082	0.210	0.595	0.113
0.135	0.174	0.553	0.138
0.101	0.619	0.172	0.108
0.003	0.836	0.131	0.030
0.049	0.282	0.627	0.042
0.068	0.221	0.592	0.119
0.151	0.185	0.111	0.553
0.240	0.081	0.042	0.637
0.555	0.112	0.114	0.219
>ACTAGCGGTT	13-ACTAGCGGTT	4.801575	-928.039236	0	T:17028.0(45.00%),B:10636.8(34.30%),P:1e-403	Tpos:661.1,Tstd:475.6,Bpos:522.4,Bstd:456.0,StrandBias:-0.0,Multiplicity:1.39
0.686	0.107	0.112	0.095
0.112	0.669	0.118	0.101
0.099	0.096	0.112	0.693
0.709	0.116	0.071	0.104
0.095	0.139	0.668	0.098
0.073	0.761	0.082	0.084
0.078	0.116	0.731	0.075
0.095	0.095	0.704	0.106
0.090	0.117	0.108	0.685
0.089	0.103	0.115	0.693
>TGCGCATGCG	14-TGCGCATGCG	7.620301	-915.905778	0	T:7192.0(19.01%),B:3550.0(11.45%),P:1e-397	Tpos:665.0,Tstd:414.3,Bpos:524.1,Bstd:489.7,StrandBias:-0.0,Multiplicity:1.35
0.107	0.135	0.141	0.617
0.176	0.057	0.691	0.076
0.044	0.923	0.022	0.011
0.020	0.023	0.915	0.042
0.043	0.886	0.023	0.048
0.699	0.172	0.027	0.102
0.102	0.051	0.164	0.683
0.036	0.068	0.821	0.075
0.048	0.903	0.027	0.022
0.021	0.065	0.866	0.048
>GTTCGGCGTA	15-GTTCGGCGTA	4.787809	-879.629625	0	T:16446.0(43.46%),B:10270.1(33.12%),P:1e-382	Tpos:694.0,Tstd:479.1,Bpos:516.2,Bstd:477.5,StrandBias:0.0,Multiplicity:1.46
0.115	0.123	0.663	0.099
0.095	0.120	0.094	0.691
0.110	0.088	0.114	0.688
0.100	0.707	0.090	0.103
0.091	0.094	0.740	0.075
0.083	0.107	0.740	0.070
0.112	0.683	0.104	0.101
0.079	0.110	0.702	0.109
0.130	0.075	0.095	0.700
0.686	0.093	0.095	0.126
>TTCGCTCGCT	16-TTCGCTCGCT	6.595815	-838.897274	0	T:11565.0(30.56%),B:6682.3(21.55%),P:1e-364	Tpos:677.5,Tstd:469.1,Bpos:520.4,Bstd:472.5,StrandBias:-0.0,Multiplicity:1.29
0.046	0.314	0.075	0.565
0.067	0.058	0.088	0.787
0.159	0.621	0.098	0.122
0.044	0.037	0.881	0.038
0.037	0.788	0.134	0.041
0.079	0.121	0.001	0.799
0.117	0.815	0.001	0.067
0.101	0.072	0.739	0.088
0.031	0.871	0.022	0.076
0.115	0.076	0.001	0.808
>TTTCGCGACT	17-TTTCGCGACT	5.189123	-831.643319	0	T:15236.0(40.27%),B:9426.3(30.40%),P:1e-361	Tpos:683.5,Tstd:475.1,Bpos:520.0,Bstd:471.9,StrandBias:0.0,Multiplicity:1.37
0.066	0.287	0.191	0.457
0.101	0.122	0.144	0.633
0.320	0.144	0.058	0.478
0.088	0.654	0.095	0.163
0.132	0.243	0.485	0.140
0.092	0.680	0.159	0.069
0.164	0.107	0.649	0.080
0.582	0.216	0.108	0.094
0.138	0.607	0.142	0.113
0.094	0.217	0.110	0.579
>TTWCGCAAKC	18-TTWCGCAAKC	5.947285	-817.429182	0	T:11694.0(30.90%),B:6809.7(21.96%),P:1e-355	Tpos:626.7,Tstd:497.7,Bpos:512.9,Bstd:410.1,StrandBias:-0.1,Multiplicity:1.20
0.001	0.025	0.041	0.933
0.001	0.078	0.273	0.648
0.420	0.019	0.258	0.303
0.020	0.699	0.186	0.095
0.037	0.049	0.893	0.021
0.227	0.462	0.080	0.231
0.835	0.143	0.001	0.021
0.762	0.146	0.034	0.058
0.223	0.011	0.413	0.354
0.143	0.703	0.108	0.046
>ACTACAAHTC	19-ACTACAAHTC	9.057969	-807.033360	0	T:2112.0(5.58%),B:636.7(2.05%),P:1e-350	Tpos:595.2,Tstd:431.0,Bpos:522.2,Bstd:413.5,StrandBias:0.1,Multiplicity:1.17
0.997	0.001	0.001	0.001
0.001	0.997	0.001	0.001
0.001	0.001	0.019	0.979
0.997	0.001	0.001	0.001
0.001	0.997	0.001	0.001
0.608	0.001	0.293	0.098
0.573	0.175	0.001	0.251
0.229	0.355	0.153	0.263
0.139	0.234	0.001	0.626
0.057	0.941	0.001	0.001
>TCGCGAGABN	20-TCGCGAGABN	6.272510	-800.763977	0	T:12474.0(32.97%),B:7407.6(23.89%),P:1e-347	Tpos:699.0,Tstd:431.8,Bpos:520.0,Bstd:500.4,StrandBias:-0.0,Multiplicity:1.51
0.001	0.001	0.186	0.812
0.001	0.973	0.001	0.025
0.148	0.052	0.503	0.297
0.001	0.976	0.022	0.001
0.001	0.023	0.952	0.024
0.470	0.312	0.037	0.181
0.001	0.040	0.903	0.056
0.616	0.226	0.137	0.021
0.146	0.329	0.281	0.244
0.222	0.282	0.177	0.319
>CGAGTTAACT	21-CGAGTTAACT	4.636574	-789.389887	0	T:19006.0(50.23%),B:12447.4(40.14%),P:1e-342	Tpos:661.6,Tstd:513.4,Bpos:521.9,Bstd:418.3,StrandBias:0.0,Multiplicity:1.42
0.089	0.762	0.080	0.069
0.085	0.115	0.714	0.086
0.670	0.093	0.130	0.107
0.095	0.122	0.689	0.094
0.091	0.100	0.107	0.702
0.102	0.104	0.102	0.692
0.683	0.089	0.097	0.131
0.698	0.099	0.103	0.100
0.095	0.709	0.103	0.093
0.113	0.105	0.102	0.680
>AATCGGCTCG	22-AATCGGCTCG	6.118240	-768.398448	0	T:10952.0(28.94%),B:6348.7(20.47%),P:1e-333	Tpos:674.6,Tstd:474.3,Bpos:510.6,Bstd:446.2,StrandBias:-0.0,Multiplicity:1.20
0.787	0.076	0.097	0.040
0.716	0.102	0.111	0.071
0.073	0.032	0.078	0.817
0.070	0.840	0.067	0.023
0.128	0.068	0.742	0.062
0.066	0.145	0.734	0.055
0.050	0.857	0.083	0.010
0.033	0.005	0.048	0.914
0.071	0.727	0.140	0.062
0.068	0.100	0.742	0.090
>AACCGTTAAC	23-AACCGTTAAC	7.494221	-598.260395	0	T:2522.0(6.67%),B:970.4(3.13%),P:1e-259	Tpos:608.2,Tstd:496.6,Bpos:513.5,Bstd:401.3,StrandBias:-0.0,Multiplicity:1.04
0.972	0.001	0.026	0.001
0.663	0.070	0.266	0.001
0.187	0.417	0.191	0.204
0.001	0.917	0.081	0.001
0.137	0.001	0.861	0.001
0.007	0.163	0.314	0.516
0.001	0.001	0.001	0.997
0.736	0.078	0.012	0.174
0.654	0.161	0.050	0.135
0.165	0.833	0.001	0.001
>CGGTACCCAA	24-CGGTACCCAA	0.006198	-298.431870	0	T:5112.0(13.51%),B:2986.4(9.63%),P:1e-129	Tpos:675.1,Tstd:469.4,Bpos:533.9,Bstd:448.8,StrandBias:0.1,Multiplicity:1.09
0.001	0.997	0.001	0.001
0.001	0.001	0.997	0.001
0.001	0.001	0.997	0.001
0.001	0.001	0.001	0.997
0.997	0.001	0.001	0.001
0.001	0.997	0.001	0.001
0.001	0.980	0.018	0.001
0.001	0.997	0.001	0.001
0.908	0.001	0.001	0.090
0.997	0.001	0.001	0.001
>TCCCGCGCAT	25-TCCCGCGCAT	11.637677	-158.901013	0	T:124.0(0.33%),B:13.0(0.04%),P:1e-69	Tpos:672.8,Tstd:439.9,Bpos:312.5,Bstd:330.9,StrandBias:0.8,Multiplicity:1.00
0.001	0.001	0.001	0.997
0.001	0.887	0.001	0.111
0.001	0.997	0.001	0.001
0.001	0.997	0.001	0.001
0.001	0.001	0.997	0.001
0.001	0.997	0.001	0.001
0.001	0.001	0.997	0.001
0.001	0.997	0.001	0.001
0.997	0.001	0.001	0.001
0.001	0.001	0.001	0.997
