>CCACTAGATGGC	1-CCACTAGATGGC	9.067102	-2601.617480	0	T:5441.0(14.38%),B:1464.8(4.72%),P:1e-1129	Tpos:360.1,Tstd:341.8,Bpos:510.2,Bstd:396.8,StrandBias:-0.1,Multiplicity:1.03
0.096	0.842	0.015	0.047
0.025	0.958	0.013	0.004
0.882	0.028	0.037	0.053
0.033	0.803	0.146	0.018
0.169	0.180	0.031	0.620
0.953	0.004	0.011	0.032
0.020	0.010	0.967	0.003
0.607	0.032	0.346	0.015
0.028	0.006	0.339	0.627
0.009	0.011	0.971	0.009
0.013	0.021	0.881	0.085
0.031	0.891	0.019	0.059
>CAAVATGGCGGC	2-CAAVATGGCGGC	9.512639	-1523.416750	0	T:3936.0(10.40%),B:1194.5(3.85%),P:1e-661	Tpos:666.8,Tstd:405.5,Bpos:514.1,Bstd:478.1,StrandBias:0.1,Multiplicity:1.09
0.203	0.510	0.194	0.093
0.893	0.001	0.105	0.001
0.872	0.069	0.001	0.058
0.321	0.246	0.319	0.114
0.997	0.001	0.001	0.001
0.059	0.001	0.001	0.939
0.001	0.001	0.997	0.001
0.001	0.001	0.997	0.001
0.001	0.997	0.001	0.001
0.013	0.093	0.681	0.213
0.072	0.194	0.593	0.141
0.152	0.626	0.122	0.100
>NAAGGGGGCGGG	3-NAAGGGGGCGGG	9.205340	-1217.209363	0	T:13410.0(35.44%),B:7480.6(24.13%),P:1e-528	Tpos:695.0,Tstd:441.1,Bpos:521.4,Bstd:501.3,StrandBias:0.1,Multiplicity:1.65
0.195	0.215	0.317	0.273
0.496	0.196	0.230	0.078
0.686	0.094	0.136	0.084
0.267	0.007	0.725	0.001
0.111	0.017	0.764	0.108
0.223	0.017	0.759	0.001
0.010	0.001	0.988	0.001
0.001	0.035	0.963	0.001
0.063	0.927	0.001	0.009
0.001	0.052	0.946	0.001
0.001	0.045	0.856	0.098
0.191	0.021	0.689	0.099
>ACTACAAYTCCC	4-ACTACAAYTCCC	10.394906	-996.305065	0	T:2071.0(5.47%),B:538.5(1.74%),P:1e-432	Tpos:610.8,Tstd:407.0,Bpos:533.4,Bstd:407.8,StrandBias:0.1,Multiplicity:1.28
0.992	0.001	0.001	0.006
0.001	0.997	0.001	0.001
0.001	0.152	0.001	0.846
0.728	0.047	0.165	0.060
0.001	0.997	0.001	0.001
0.756	0.078	0.139	0.027
0.569	0.063	0.114	0.254
0.098	0.370	0.170	0.363
0.046	0.200	0.050	0.704
0.001	0.951	0.001	0.047
0.001	0.971	0.001	0.027
0.001	0.997	0.001	0.001
>KNCGGTTMCGMB	5-KNCGGTTMCGMB	4.839734	-992.260314	0	T:16775.0(44.33%),B:10332.8(33.32%),P:1e-430	Tpos:674.7,Tstd:459.7,Bpos:526.6,Bstd:481.4,StrandBias:-0.1,Multiplicity:1.57
0.177	0.184	0.257	0.382
0.315	0.236	0.230	0.219
0.122	0.667	0.151	0.060
0.088	0.210	0.620	0.082
0.161	0.121	0.535	0.183
0.119	0.096	0.042	0.743
0.204	0.072	0.062	0.662
0.258	0.406	0.120	0.217
0.144	0.569	0.151	0.136
0.112	0.101	0.661	0.126
0.365	0.248	0.172	0.215
0.144	0.294	0.209	0.353
>NGTAACTTCCGS	6-NGTAACTTCCGS	5.880536	-923.479185	0	T:12530.0(33.11%),B:7255.1(23.40%),P:1e-401	Tpos:670.5,Tstd:464.5,Bpos:515.0,Bstd:447.5,StrandBias:-0.0,Multiplicity:1.35
0.227	0.287	0.272	0.214
0.091	0.137	0.659	0.113
0.133	0.169	0.179	0.519
0.557	0.173	0.159	0.111
0.608	0.133	0.160	0.099
0.092	0.690	0.118	0.100
0.080	0.158	0.093	0.669
0.073	0.150	0.151	0.626
0.056	0.746	0.103	0.095
0.126	0.647	0.106	0.121
0.111	0.146	0.621	0.122
0.176	0.281	0.373	0.170
>BTGCGCATGCGC	7-BTGCGCATGCGC	10.000377	-903.772945	0	T:3572.0(9.44%),B:1346.0(4.34%),P:1e-392	Tpos:652.2,Tstd:404.4,Bpos:510.1,Bstd:490.5,StrandBias:-0.1,Multiplicity:1.22
0.106	0.264	0.263	0.367
0.055	0.145	0.123	0.677
0.054	0.041	0.900	0.005
0.032	0.901	0.052	0.015
0.017	0.017	0.950	0.016
0.003	0.964	0.027	0.006
0.776	0.140	0.051	0.033
0.076	0.071	0.138	0.715
0.002	0.018	0.974	0.006
0.030	0.921	0.036	0.013
0.007	0.023	0.944	0.026
0.017	0.910	0.027	0.046
>NKTTMCCGGCCG	8-NKTTMCCGGCCG	5.353552	-852.309000	0	T:13369.0(35.33%),B:7985.1(25.75%),P:1e-370	Tpos:691.9,Tstd:466.2,Bpos:518.5,Bstd:468.3,StrandBias:0.0,Multiplicity:1.40
0.297	0.203	0.312	0.188
0.115	0.176	0.290	0.420
0.275	0.045	0.055	0.625
0.241	0.084	0.022	0.653
0.315	0.406	0.116	0.164
0.225	0.438	0.172	0.164
0.100	0.651	0.157	0.092
0.053	0.144	0.734	0.069
0.220	0.042	0.578	0.160
0.166	0.478	0.103	0.254
0.232	0.423	0.138	0.207
0.180	0.248	0.398	0.173
>VNCCAATCGMBN	9-VNCCAATCGMBN	4.785667	-823.073808	0	T:15860.0(41.91%),B:9919.6(31.99%),P:1e-357	Tpos:677.7,Tstd:469.6,Bpos:520.2,Bstd:470.7,StrandBias:-0.0,Multiplicity:1.53
0.262	0.346	0.241	0.150
0.291	0.288	0.156	0.265
0.167	0.554	0.091	0.188
0.112	0.476	0.293	0.119
0.480	0.026	0.232	0.261
0.751	0.058	0.041	0.150
0.129	0.110	0.044	0.717
0.134	0.741	0.060	0.065
0.077	0.033	0.823	0.067
0.274	0.415	0.108	0.203
0.108	0.314	0.328	0.249
0.230	0.229	0.316	0.225
>NNTTCGRCGKNH	10-NNTTCGRCGKNH	4.859359	-817.060832	0	T:16961.0(44.82%),B:10782.1(34.77%),P:1e-354	Tpos:689.4,Tstd:461.7,Bpos:527.4,Bstd:479.3,StrandBias:-0.0,Multiplicity:1.59
0.323	0.260	0.197	0.219
0.255	0.289	0.272	0.183
0.157	0.066	0.044	0.733
0.253	0.108	0.063	0.576
0.150	0.701	0.073	0.076
0.048	0.135	0.757	0.060
0.276	0.110	0.408	0.207
0.076	0.744	0.024	0.156
0.078	0.162	0.651	0.109
0.191	0.130	0.407	0.272
0.331	0.253	0.213	0.203
0.242	0.352	0.098	0.308
>VRTCTCGCGANM	11-VRTCTCGCGANM	5.160260	-796.995895	0	T:9014.0(23.82%),B:4930.9(15.90%),P:1e-346	Tpos:684.6,Tstd:447.4,Bpos:523.3,Bstd:495.1,StrandBias:0.1,Multiplicity:1.25
0.221	0.332	0.266	0.180
0.362	0.204	0.265	0.169
0.229	0.055	0.116	0.600
0.258	0.417	0.122	0.203
0.092	0.102	0.174	0.632
0.176	0.589	0.115	0.120
0.112	0.079	0.570	0.239
0.081	0.760	0.106	0.053
0.067	0.133	0.650	0.150
0.557	0.258	0.039	0.146
0.181	0.326	0.270	0.223
0.375	0.248	0.204	0.174
>MVGGCGCTATGH	12-MVGGCGCTATGH	3.740382	-752.293265	0	T:18618.0(49.20%),B:12211.4(39.38%),P:1e-326	Tpos:668.2,Tstd:473.1,Bpos:518.5,Bstd:456.4,StrandBias:-0.0,Multiplicity:1.46
0.289	0.418	0.183	0.110
0.241	0.374	0.240	0.146
0.021	0.004	0.963	0.012
0.103	0.112	0.690	0.095
0.001	0.988	0.010	0.001
0.009	0.001	0.977	0.013
0.064	0.856	0.001	0.079
0.046	0.001	0.003	0.950
0.997	0.001	0.001	0.001
0.090	0.015	0.251	0.644
0.144	0.221	0.467	0.168
0.369	0.310	0.078	0.243
>NWMCGAAAGCVB	13-NWMCGAAAGCVB	4.824468	-741.631574	0	T:18551.0(49.03%),B:12179.9(39.28%),P:1e-322	Tpos:661.5,Tstd:494.3,Bpos:516.7,Bstd:443.8,StrandBias:-0.1,Multiplicity:1.44
0.226	0.233	0.199	0.343
0.347	0.183	0.150	0.320
0.282	0.383	0.119	0.216
0.033	0.757	0.177	0.033
0.059	0.022	0.789	0.130
0.541	0.036	0.036	0.387
0.701	0.069	0.071	0.159
0.613	0.193	0.030	0.164
0.135	0.266	0.462	0.137
0.098	0.616	0.124	0.162
0.287	0.340	0.250	0.122
0.171	0.238	0.324	0.267
>CTAGCGGGCGAA	14-CTAGCGGGCGAA	6.372698	-590.877846	0	T:11976.0(31.65%),B:7409.9(23.90%),P:1e-256	Tpos:699.0,Tstd:464.6,Bpos:526.2,Bstd:494.4,StrandBias:0.1,Multiplicity:1.24
0.040	0.792	0.094	0.074
0.078	0.118	0.046	0.758
0.702	0.148	0.070	0.080
0.026	0.088	0.879	0.007
0.023	0.856	0.088	0.033
0.057	0.097	0.810	0.036
0.041	0.007	0.875	0.077
0.016	0.001	0.970	0.013
0.049	0.924	0.024	0.003
0.081	0.080	0.803	0.036
0.732	0.162	0.073	0.033
0.907	0.020	0.041	0.032
>VNTMCGCGYTHK	15-VNTMCGCGYTHK	4.933671	-573.698617	0	T:18654.0(49.30%),B:12621.5(40.70%),P:1e-249	Tpos:675.9,Tstd:462.0,Bpos:521.0,Bstd:489.7,StrandBias:-0.1,Multiplicity:1.49
0.337	0.278	0.218	0.167
0.293	0.222	0.194	0.292
0.187	0.040	0.055	0.718
0.391	0.402	0.075	0.132
0.050	0.633	0.196	0.121
0.120	0.065	0.728	0.087
0.112	0.775	0.016	0.097
0.206	0.072	0.616	0.106
0.172	0.445	0.086	0.297
0.140	0.048	0.065	0.747
0.331	0.283	0.164	0.223
0.187	0.220	0.371	0.222
>GCTGCCGCCGCC	16-GCTGCCGCCGCC	9.791045	-555.569155	0	T:6184.0(16.34%),B:3320.4(10.71%),P:1e-241	Tpos:742.7,Tstd:421.0,Bpos:520.9,Bstd:526.8,StrandBias:-0.1,Multiplicity:1.30
0.114	0.002	0.762	0.122
0.007	0.671	0.147	0.175
0.147	0.026	0.303	0.524
0.003	0.126	0.862	0.009
0.131	0.665	0.007	0.197
0.004	0.523	0.325	0.148
0.006	0.003	0.985	0.006
0.002	0.820	0.092	0.086
0.124	0.486	0.214	0.176
0.102	0.001	0.657	0.240
0.001	0.832	0.013	0.154
0.156	0.475	0.209	0.160
>CTGATTGGCCGC	17-CTGATTGGCCGC	9.202036	-521.468001	0	T:2729.0(7.21%),B:1147.9(3.70%),P:1e-226	Tpos:673.1,Tstd:447.5,Bpos:515.3,Bstd:438.9,StrandBias:-0.0,Multiplicity:1.11
0.001	0.928	0.070	0.001
0.001	0.001	0.026	0.972
0.001	0.200	0.795	0.004
0.917	0.081	0.001	0.001
0.001	0.044	0.007	0.948
0.010	0.001	0.001	0.988
0.001	0.001	0.997	0.001
0.001	0.001	0.997	0.001
0.073	0.686	0.074	0.167
0.009	0.633	0.215	0.143
0.138	0.208	0.647	0.007
0.182	0.586	0.218	0.014
>GRGGCTCGCGSB	18-GRGGCTCGCGSB	6.875923	-500.631704	0	T:17153.0(45.33%),B:11597.2(37.40%),P:1e-217	Tpos:716.5,Tstd:445.6,Bpos:528.4,Bstd:532.5,StrandBias:-0.0,Multiplicity:1.94
0.126	0.268	0.541	0.065
0.313	0.116	0.430	0.141
0.001	0.069	0.929	0.001
0.170	0.114	0.715	0.001
0.035	0.907	0.001	0.057
0.032	0.001	0.169	0.798
0.001	0.899	0.001	0.099
0.001	0.001	0.997	0.001
0.001	0.992	0.001	0.006
0.106	0.018	0.829	0.047
0.002	0.491	0.448	0.060
0.164	0.204	0.291	0.341
>CCGCGTTACCTT	19-CCGCGTTACCTT	6.102862	-482.399305	0	T:16131.0(42.63%),B:10834.2(34.94%),P:1e-209	Tpos:674.7,Tstd:481.1,Bpos:515.6,Bstd:448.0,StrandBias:0.0,Multiplicity:1.36
0.073	0.747	0.098	0.082
0.100	0.671	0.116	0.113
0.108	0.129	0.631	0.132
0.118	0.653	0.129	0.100
0.086	0.129	0.640	0.145
0.069	0.132	0.125	0.674
0.084	0.169	0.127	0.620
0.519	0.160	0.164	0.157
0.092	0.719	0.090	0.099
0.069	0.760	0.063	0.108
0.083	0.140	0.080	0.697
0.076	0.127	0.128	0.669
>AAGCGCGGAGTA	20-AAGCGCGGAGTA	6.517702	-454.766313	0	T:17098.0(45.19%),B:11667.9(37.63%),P:1e-197	Tpos:690.9,Tstd:485.6,Bpos:513.8,Bstd:461.6,StrandBias:-0.0,Multiplicity:1.51
0.700	0.100	0.100	0.100
0.700	0.100	0.100	0.100
0.100	0.100	0.700	0.100
0.100	0.700	0.100	0.100
0.100	0.100	0.700	0.100
0.100	0.700	0.100	0.100
0.100	0.100	0.700	0.100
0.100	0.100	0.700	0.100
0.700	0.100	0.100	0.100
0.100	0.100	0.700	0.100
0.100	0.100	0.100	0.700
0.700	0.100	0.100	0.100
>GTCACGTGACGA	21-GTCACGTGACGA	8.786888	-316.240080	0	T:1518.0(4.01%),B:613.4(1.98%),P:1e-137	Tpos:665.4,Tstd:414.2,Bpos:542.6,Bstd:450.6,StrandBias:-0.1,Multiplicity:1.09
0.012	0.046	0.934	0.008
0.009	0.069	0.036	0.886
0.008	0.951	0.031	0.010
0.938	0.033	0.021	0.008
0.013	0.878	0.043	0.066
0.054	0.010	0.929	0.007
0.020	0.017	0.034	0.929
0.012	0.029	0.946	0.013
0.812	0.081	0.096	0.011
0.032	0.819	0.089	0.060
0.139	0.212	0.534	0.115
0.444	0.205	0.243	0.108
>TTAATGATTAAC	22-TTAATGATTAAC	10.551125	-298.280000	0	T:449.0(1.19%),B:90.4(0.29%),P:1e-129	Tpos:586.8,Tstd:451.9,Bpos:569.8,Bstd:404.9,StrandBias:-0.1,Multiplicity:1.02
0.046	0.043	0.041	0.870
0.085	0.075	0.046	0.794
0.921	0.013	0.014	0.052
0.892	0.038	0.020	0.050
0.083	0.027	0.011	0.879
0.126	0.214	0.533	0.127
0.861	0.024	0.034	0.081
0.044	0.015	0.073	0.868
0.042	0.033	0.032	0.893
0.836	0.038	0.058	0.068
0.885	0.037	0.050	0.028
0.087	0.771	0.030	0.112
>GGCTCGGCGAGG	23-GGCTCGGCGAGG	8.463612	-201.863756	0	T:10884.0(28.76%),B:7532.4(24.29%),P:1e-87	Tpos:718.2,Tstd:460.8,Bpos:512.9,Bstd:502.4,StrandBias:-0.0,Multiplicity:1.31
0.100	0.100	0.700	0.100
0.100	0.100	0.700	0.100
0.100	0.700	0.100	0.100
0.100	0.100	0.100	0.700
0.100	0.700	0.100	0.100
0.100	0.100	0.700	0.100
0.100	0.100	0.700	0.100
0.100	0.700	0.100	0.100
0.100	0.100	0.700	0.100
0.700	0.100	0.100	0.100
0.100	0.100	0.700	0.100
0.100	0.100	0.700	0.100
>AGTGACGTRACG	24-AGTGACGTRACG	8.353657	-201.780380	0	T:161.0(0.43%),B:16.6(0.05%),P:1e-87	Tpos:693.3,Tstd:442.2,Bpos:334.1,Bstd:138.7,StrandBias:-0.0,Multiplicity:1.05
0.627	0.031	0.240	0.102
0.078	0.059	0.837	0.026
0.135	0.215	0.153	0.497
0.037	0.034	0.840	0.089
0.492	0.137	0.128	0.243
0.205	0.473	0.149	0.173
0.069	0.109	0.643	0.179
0.092	0.278	0.198	0.432
0.395	0.239	0.267	0.099
0.579	0.202	0.164	0.055
0.264	0.458	0.135	0.143
0.109	0.132	0.628	0.131
>CTCTTAAAGGGG	25-CTCTTAAAGGGG	11.485452	-107.150226	0	T:91.0(0.24%),B:10.5(0.03%),P:1e-46	Tpos:519.8,Tstd:371.4,Bpos:446.2,Bstd:190.5,StrandBias:0.0,Multiplicity:1.00
0.001	0.997	0.001	0.001
0.001	0.001	0.406	0.592
0.001	0.997	0.001	0.001
0.406	0.001	0.001	0.592
0.017	0.001	0.001	0.981
0.997	0.001	0.001	0.001
0.997	0.001	0.001	0.001
0.997	0.001	0.001	0.001
0.001	0.001	0.997	0.001
0.001	0.001	0.997	0.001
0.001	0.001	0.997	0.001
0.001	0.001	0.997	0.001
