>CGYTTCCG	1-CGYTTCCG	6.964068	-1174.406331	0	T:13718.0(36.05%),B:7500.6(24.88%),P:1e-510	Tpos:668.2,Tstd:441.1,Bpos:517.2,Bstd:480.0,StrandBias:-0.0,Multiplicity:1.49
0.001	0.795	0.203	0.001
0.125	0.200	0.442	0.233
0.001	0.460	0.175	0.364
0.001	0.001	0.001	0.997
0.110	0.001	0.001	0.888
0.001	0.651	0.143	0.205
0.001	0.890	0.108	0.001
0.128	0.001	0.870	0.001
>TTAACCGC	2-TTAACCGC	5.085902	-883.850605	0	T:18739.0(49.25%),B:11649.3(38.65%),P:1e-383	Tpos:682.5,Tstd:492.4,Bpos:519.2,Bstd:463.2,StrandBias:0.0,Multiplicity:1.54
0.028	0.219	0.203	0.550
0.316	0.001	0.001	0.682
0.628	0.013	0.034	0.325
0.507	0.258	0.142	0.093
0.072	0.462	0.257	0.210
0.025	0.866	0.076	0.033
0.040	0.001	0.958	0.001
0.271	0.503	0.184	0.042
>GGGGCGGG	3-GGGGCGGG	8.236954	-862.603739	0	T:16862.0(44.31%),B:10264.0(34.05%),P:1e-374	Tpos:701.9,Tstd:434.6,Bpos:525.2,Bstd:514.0,StrandBias:0.1,Multiplicity:2.26
0.100	0.100	0.700	0.100
0.100	0.100	0.700	0.100
0.100	0.100	0.700	0.100
0.100	0.100	0.700	0.100
0.100	0.700	0.100	0.100
0.100	0.100	0.700	0.100
0.100	0.100	0.700	0.100
0.100	0.100	0.700	0.100
>TCGCGAGA	4-TCGCGAGA	6.054648	-830.886020	0	T:12982.0(34.12%),B:7473.5(24.79%),P:1e-360	Tpos:725.6,Tstd:454.0,Bpos:511.7,Bstd:513.4,StrandBias:-0.0,Multiplicity:1.54
0.081	0.044	0.220	0.655
0.042	0.842	0.031	0.085
0.051	0.059	0.878	0.012
0.051	0.865	0.072	0.012
0.067	0.078	0.790	0.065
0.768	0.067	0.094	0.071
0.127	0.123	0.670	0.080
0.534	0.169	0.208	0.089
>GCCGGADA	5-GCCGGADA	6.358743	-826.528207	0	T:15321.0(40.26%),B:9180.6(30.46%),P:1e-358	Tpos:691.5,Tstd:444.6,Bpos:518.5,Bstd:499.8,StrandBias:-0.1,Multiplicity:1.48
0.098	0.070	0.776	0.056
0.021	0.838	0.081	0.060
0.001	0.879	0.119	0.001
0.001	0.088	0.904	0.007
0.114	0.116	0.747	0.023
0.628	0.281	0.056	0.035
0.357	0.001	0.279	0.363
0.793	0.028	0.153	0.026
>CGCCATCT	6-CGCCATCT	8.083352	-813.759125	0	T:9647.0(25.35%),B:5170.5(17.15%),P:1e-353	Tpos:653.0,Tstd:437.3,Bpos:516.1,Bstd:480.8,StrandBias:-0.0,Multiplicity:1.19
0.001	0.997	0.001	0.001
0.001	0.001	0.997	0.001
0.001	0.997	0.001	0.001
0.001	0.997	0.001	0.001
0.717	0.211	0.071	0.001
0.001	0.001	0.001	0.997
0.001	0.709	0.001	0.289
0.001	0.001	0.001	0.997
>CGTAACGA	7-CGTAACGA	4.803569	-716.098680	0	T:19417.0(51.03%),B:12488.0(41.43%),P:1e-310	Tpos:685.9,Tstd:483.4,Bpos:521.4,Bstd:474.1,StrandBias:-0.0,Multiplicity:1.69
0.078	0.781	0.117	0.024
0.022	0.076	0.817	0.085
0.111	0.109	0.147	0.633
0.782	0.064	0.075	0.079
0.800	0.050	0.118	0.032
0.092	0.793	0.070	0.045
0.053	0.111	0.752	0.084
0.642	0.133	0.106	0.119
>GCGGACTA	8-GCGGACTA	5.150522	-704.287689	0	T:14439.0(37.95%),B:8746.9(29.02%),P:1e-305	Tpos:676.4,Tstd:458.0,Bpos:526.5,Bstd:484.0,StrandBias:-0.0,Multiplicity:1.39
0.070	0.200	0.529	0.201
0.004	0.965	0.027	0.004
0.012	0.245	0.732	0.011
0.176	0.194	0.524	0.106
0.566	0.164	0.137	0.133
0.170	0.503	0.151	0.176
0.086	0.037	0.120	0.757
0.466	0.140	0.165	0.229
>CCAATCSG	9-CCAATCSG	5.873382	-678.784813	0	T:16080.0(42.26%),B:10014.0(33.22%),P:1e-294	Tpos:662.6,Tstd:474.8,Bpos:517.7,Bstd:446.0,StrandBias:0.0,Multiplicity:1.42
0.001	0.809	0.042	0.148
0.020	0.968	0.001	0.011
0.832	0.001	0.001	0.166
0.840	0.001	0.001	0.158
0.247	0.073	0.087	0.593
0.074	0.831	0.094	0.001
0.001	0.518	0.480	0.001
0.055	0.088	0.807	0.050
>CTCCGCGA	10-CTCCGCGA	6.743279	-668.828827	0	T:18090.0(47.54%),B:11559.1(38.35%),P:1e-290	Tpos:714.2,Tstd:448.1,Bpos:518.3,Bstd:503.1,StrandBias:-0.1,Multiplicity:1.87
0.001	0.930	0.068	0.001
0.001	0.047	0.044	0.908
0.036	0.962	0.001	0.001
0.001	0.979	0.019	0.001
0.001	0.001	0.997	0.001
0.049	0.834	0.096	0.021
0.036	0.189	0.750	0.025
0.783	0.001	0.158	0.058
>CGARGAAA	11-CGARGAAA	6.004053	-663.179868	0	T:9685.0(25.45%),B:5416.5(17.97%),P:1e-288	Tpos:679.5,Tstd:484.1,Bpos:512.9,Bstd:468.6,StrandBias:0.0,Multiplicity:1.22
0.111	0.743	0.145	0.001
0.134	0.157	0.687	0.022
0.730	0.021	0.232	0.017
0.313	0.253	0.432	0.001
0.040	0.282	0.625	0.053
0.569	0.177	0.135	0.119
0.772	0.009	0.042	0.177
0.610	0.207	0.075	0.108
>GGGGCGGA	12-GGGGCGGA	6.973286	-646.811231	0	T:22123.0(58.14%),B:14761.6(48.97%),P:1e-280	Tpos:673.3,Tstd:442.9,Bpos:522.5,Bstd:475.1,StrandBias:-0.0,Multiplicity:1.50
0.122	0.085	0.522	0.271
0.054	0.192	0.745	0.009
0.107	0.022	0.834	0.037
0.031	0.033	0.830	0.106
0.055	0.943	0.001	0.001
0.063	0.103	0.765	0.069
0.091	0.001	0.767	0.141
0.595	0.001	0.312	0.092
>RGCGCTAG	13-RGCGCTAG	5.541883	-644.469322	0	T:18835.0(49.50%),B:12183.9(40.42%),P:1e-279	Tpos:657.6,Tstd:459.2,Bpos:516.8,Bstd:467.7,StrandBias:-0.0,Multiplicity:1.51
0.256	0.171	0.396	0.177
0.155	0.254	0.558	0.033
0.098	0.743	0.094	0.065
0.224	0.141	0.457	0.178
0.015	0.634	0.321	0.030
0.030	0.279	0.037	0.654
0.688	0.244	0.050	0.018
0.022	0.126	0.832	0.020
>GCGGCAGM	14-GCGGCAGM	7.532455	-636.401290	0	T:12635.0(33.21%),B:7553.7(25.06%),P:1e-276	Tpos:703.1,Tstd:443.1,Bpos:514.6,Bstd:491.0,StrandBias:-0.0,Multiplicity:1.38
0.001	0.001	0.997	0.001
0.001	0.997	0.001	0.001
0.001	0.001	0.997	0.001
0.001	0.001	0.584	0.414
0.001	0.997	0.001	0.001
0.870	0.001	0.001	0.128
0.127	0.001	0.748	0.124
0.335	0.447	0.001	0.217
>CGAAAGGA	15-CGAAAGGA	6.140902	-628.304583	0	T:15167.0(39.86%),B:9430.5(31.28%),P:1e-272	Tpos:666.0,Tstd:500.3,Bpos:526.3,Bstd:438.6,StrandBias:-0.0,Multiplicity:1.30
0.001	0.940	0.001	0.058
0.034	0.157	0.808	0.001
0.586	0.052	0.352	0.010
0.850	0.097	0.052	0.001
0.860	0.001	0.138	0.001
0.111	0.001	0.752	0.136
0.189	0.088	0.533	0.190
0.548	0.061	0.001	0.390
>CCGAACCG	16-CCGAACCG	5.025848	-617.814538	0	T:18220.0(47.88%),B:11765.5(39.03%),P:1e-268	Tpos:704.9,Tstd:446.3,Bpos:514.9,Bstd:521.6,StrandBias:-0.0,Multiplicity:1.89
0.114	0.568	0.185	0.133
0.067	0.653	0.201	0.079
0.112	0.099	0.673	0.116
0.609	0.095	0.195	0.101
0.603	0.117	0.173	0.107
0.159	0.523	0.168	0.150
0.088	0.687	0.132	0.093
0.107	0.095	0.686	0.112
>TACGACTC	17-TACGACTC	5.707343	-599.180998	0	T:12933.0(33.99%),B:7839.3(26.01%),P:1e-260	Tpos:680.0,Tstd:472.0,Bpos:515.2,Bstd:464.8,StrandBias:0.0,Multiplicity:1.31
0.087	0.098	0.192	0.623
0.561	0.233	0.063	0.143
0.024	0.894	0.057	0.025
0.047	0.027	0.889	0.037
0.753	0.073	0.085	0.089
0.137	0.645	0.132	0.086
0.022	0.033	0.103	0.842
0.042	0.796	0.092	0.070
>AGCGGCGA	18-AGCGGCGA	6.291044	-557.200704	0	T:21834.0(57.38%),B:14731.1(48.87%),P:1e-241	Tpos:704.4,Tstd:436.7,Bpos:518.8,Bstd:504.4,StrandBias:0.0,Multiplicity:2.51
0.700	0.100	0.100	0.100
0.100	0.100	0.700	0.100
0.100	0.700	0.100	0.100
0.100	0.100	0.700	0.100
0.100	0.100	0.700	0.100
0.100	0.700	0.100	0.100
0.100	0.100	0.700	0.100
0.700	0.100	0.100	0.100
>CGCAACCG	19-CGCAACCG	4.616896	-544.322918	0	T:9629.0(25.31%),B:5573.3(18.49%),P:1e-236	Tpos:693.6,Tstd:445.8,Bpos:511.4,Bstd:494.3,StrandBias:0.1,Multiplicity:1.28
0.001	0.997	0.001	0.001
0.001	0.001	0.997	0.001
0.001	0.997	0.001	0.001
0.993	0.005	0.001	0.001
0.672	0.001	0.001	0.326
0.308	0.673	0.018	0.001
0.307	0.691	0.001	0.001
0.001	0.001	0.997	0.001
>CGTTGCTA	20-CGTTGCTA	5.125428	-491.599508	0	T:14988.0(39.39%),B:9585.4(31.80%),P:1e-213	Tpos:646.1,Tstd:482.2,Bpos:530.2,Bstd:419.2,StrandBias:0.0,Multiplicity:1.33
0.068	0.834	0.065	0.033
0.002	0.100	0.825	0.073
0.046	0.082	0.116	0.756
0.096	0.074	0.061	0.769
0.092	0.110	0.728	0.070
0.082	0.667	0.105	0.146
0.117	0.122	0.056	0.705
0.717	0.104	0.043	0.136
>CCGTTAAC	21-CCGTTAAC	5.373359	-489.715977	0	T:15102.0(39.69%),B:9675.4(32.10%),P:1e-212	Tpos:637.1,Tstd:518.0,Bpos:522.4,Bstd:404.8,StrandBias:-0.1,Multiplicity:1.32
0.174	0.491	0.234	0.101
0.058	0.739	0.050	0.153
0.013	0.027	0.844	0.116
0.050	0.015	0.100	0.835
0.037	0.017	0.001	0.945
0.592	0.008	0.140	0.260
0.881	0.001	0.005	0.113
0.014	0.615	0.258	0.113
>CCGGGAAA	22-CCGGGAAA	7.027683	-440.538064	0	T:18047.0(47.43%),B:12042.4(39.95%),P:1e-191	Tpos:664.4,Tstd:499.6,Bpos:532.1,Bstd:422.3,StrandBias:0.0,Multiplicity:1.43
0.096	0.902	0.001	0.001
0.066	0.704	0.001	0.229
0.062	0.001	0.936	0.001
0.048	0.001	0.913	0.038
0.001	0.001	0.997	0.001
0.952	0.018	0.029	0.001
0.870	0.001	0.089	0.040
0.835	0.124	0.001	0.040
>GGCGGTGA	23-GGCGGTGA	4.027606	-388.864107	0	T:13205.0(34.70%),B:8492.2(28.17%),P:1e-168	Tpos:687.3,Tstd:444.5,Bpos:521.6,Bstd:479.5,StrandBias:0.0,Multiplicity:1.36
0.001	0.001	0.997	0.001
0.001	0.126	0.872	0.001
0.001	0.997	0.001	0.001
0.001	0.001	0.997	0.001
0.001	0.001	0.997	0.001
0.001	0.001	0.001	0.997
0.001	0.001	0.997	0.001
0.769	0.001	0.001	0.229
>GCCAATCA	24-GCCAATCA	7.075540	-363.796975	0	T:6782.0(17.82%),B:3913.3(12.98%),P:1e-157	Tpos:635.3,Tstd:487.6,Bpos:517.6,Bstd:379.8,StrandBias:-0.0,Multiplicity:1.20
0.001	0.082	0.846	0.071
0.001	0.997	0.001	0.001
0.001	0.966	0.001	0.032
0.948	0.001	0.001	0.050
0.997	0.001	0.001	0.001
0.086	0.001	0.001	0.912
0.087	0.778	0.134	0.001
0.997	0.001	0.001	0.001
>CACGTGAC	25-CACGTGAC	7.977083	-281.940652	0	T:2718.0(7.14%),B:1339.8(4.44%),P:1e-122	Tpos:633.3,Tstd:443.8,Bpos:523.3,Bstd:391.1,StrandBias:0.1,Multiplicity:1.10
0.001	0.924	0.001	0.074
0.997	0.001	0.001	0.001
0.001	0.997	0.001	0.001
0.001	0.001	0.997	0.001
0.001	0.001	0.001	0.997
0.001	0.001	0.943	0.055
0.997	0.001	0.001	0.001
0.001	0.888	0.001	0.110
