>ACTTCTGCTTTT	22-ACTTCTGCTTTT	9.835710	-289.964940	0	T:1018.0(1.28%),B:418.9(0.55%),P:1e-125
0.800	0.025	0.135	0.040
0.025	0.587	0.224	0.164
0.149	0.041	0.039	0.771
0.048	0.047	0.042	0.863
0.026	0.657	0.186	0.131
0.153	0.059	0.020	0.768
0.027	0.305	0.653	0.015
0.031	0.591	0.150	0.228
0.149	0.216	0.026	0.609
0.120	0.133	0.194	0.553
0.113	0.191	0.095	0.601
0.108	0.241	0.149	0.502
