>GGBCAAAGTYCA	4-GGBCAAAGTYCA,BestGuess:HNF4a(NR),DR1/HepG2-HNF4a-ChIP-Seq(GSE25021)/Homer(0.951)	7.674108	-3173.547631	0	T:17240.0(21.62%),B:8956.4(11.66%),P:1e-1378
0.212	0.018	0.654	0.116
0.202	0.055	0.459	0.283
0.141	0.294	0.218	0.347
0.047	0.729	0.070	0.154
0.965	0.027	0.001	0.007
0.780	0.042	0.153	0.025
0.873	0.001	0.081	0.045
0.010	0.012	0.947	0.031
0.068	0.014	0.343	0.575
0.097	0.334	0.132	0.437
0.033	0.825	0.001	0.141
0.737	0.123	0.001	0.139
