>GTTAATSATTAA	9-TTAATSATTAAC	8.958558	-1607.370703	0	T:4021.0(5.04%),B:1381.2(1.80%),P:1e-698
0.114	0.031	0.801	0.054
0.063	0.065	0.052	0.820
0.107	0.078	0.048	0.767
0.949	0.007	0.038	0.006
0.820	0.113	0.015	0.052
0.140	0.040	0.015	0.805
0.159	0.399	0.351	0.091
0.829	0.012	0.084	0.075
0.072	0.019	0.122	0.787
0.002	0.053	0.001	0.944
0.684	0.082	0.159	0.075
0.745	0.098	0.071	0.086
