>GGCAGBCTGCCA	15-GGCAGBCTGCCA	7.289525	-767.277600	0	T:16842.0(21.12%),B:12184.5(15.86%),P:1e-333
0.010	0.009	0.965	0.016
0.123	0.052	0.706	0.119
0.114	0.847	0.038	0.001
0.747	0.035	0.023	0.195
0.192	0.158	0.516	0.134
0.113	0.277	0.279	0.332
0.052	0.591	0.185	0.172
0.190	0.011	0.029	0.770
0.020	0.062	0.822	0.096
0.125	0.758	0.032	0.085
0.042	0.922	0.009	0.027
0.755	0.119	0.003	0.123
