>GRAACTGAAASY	7-GRAACTGAAASY	8.701510	-1822.628494	0	T:6148.0(7.71%),B:2510.2(3.27%),P:1e-791
0.223	0.127	0.441	0.209
0.525	0.005	0.394	0.076
0.945	0.003	0.047	0.005
0.819	0.057	0.120	0.004
0.237	0.461	0.290	0.012
0.110	0.273	0.141	0.476
0.247	0.003	0.598	0.152
0.802	0.161	0.005	0.032
0.876	0.096	0.001	0.027
0.838	0.002	0.154	0.006
0.129	0.465	0.328	0.078
0.128	0.370	0.126	0.376
