>TTAATSATTAAC	9-TTAATSATTAAC,BestGuess:HNF1b(Homeobox)/PDAC-HNF1B-ChIP-Seq(GSE64557)/Homer(0.992)	8.958558	-1607.370703	0	T:4021.0(5.04%),B:1381.2(1.80%),P:1e-698
0.086	0.071	0.098	0.745
0.075	0.159	0.082	0.684
0.944	0.001	0.053	0.002
0.787	0.122	0.019	0.072
0.075	0.084	0.012	0.829
0.091	0.351	0.399	0.159
0.805	0.015	0.040	0.140
0.052	0.015	0.113	0.820
0.006	0.038	0.007	0.949
0.767	0.048	0.078	0.107
0.820	0.052	0.065	0.063
0.054	0.801	0.031	0.114
