>SSGGGCGGAAGB	12-SSGGGCGGAAGB	6.922871	-1025.881296	0	T:20999.0(26.33%),B:15152.0(19.72%),P:1e-445
0.203	0.321	0.397	0.079
0.214	0.242	0.385	0.158
0.001	0.146	0.852	0.001
0.084	0.324	0.549	0.043
0.130	0.188	0.681	0.001
0.221	0.777	0.001	0.001
0.001	0.057	0.941	0.001
0.046	0.001	0.951	0.002
0.907	0.001	0.001	0.091
0.916	0.001	0.001	0.082
0.235	0.241	0.466	0.058
0.157	0.304	0.327	0.212
