>TGRACTTTGVCC	4-GGBCAAAGTYCA	7.674108	-3173.547631	0	T:17240.0(21.62%),B:8956.4(11.66%),P:1e-1378
0.139	0.001	0.123	0.737
0.141	0.001	0.825	0.033
0.437	0.132	0.334	0.097
0.575	0.343	0.014	0.068
0.031	0.947	0.012	0.010
0.045	0.081	0.001	0.873
0.025	0.153	0.042	0.780
0.007	0.001	0.027	0.965
0.154	0.070	0.729	0.047
0.347	0.218	0.294	0.141
0.283	0.459	0.055	0.202
0.116	0.654	0.018	0.212
