>CGCGCGGAGGGA	16-CGCGCGGAGGGA,BestGuess:LARK(RRM,Znf)/Drosophila_melanogaster-RNCMPT00124-PBM/HughesRNA(0.721)	7.671178	-644.652417	0	T:8765.0(10.99%),B:5721.7(7.45%),P:1e-279
0.092	0.714	0.110	0.084
0.080	0.100	0.751	0.069
0.091	0.721	0.135	0.053
0.053	0.119	0.770	0.058
0.086	0.716	0.135	0.063
0.081	0.088	0.772	0.059
0.047	0.110	0.800	0.043
0.669	0.122	0.138	0.071
0.065	0.068	0.827	0.040
0.084	0.080	0.789	0.047
0.083	0.107	0.774	0.036
0.700	0.091	0.124	0.085
