>GGGGCGGGGCSD	11-GGGGCGGGGCSD,BestGuess:Sp1(Zf)/Promoter/Homer(0.972)	9.618480	-1116.112935	0	T:7631.0(9.57%),B:4153.2(5.41%),P:1e-484
0.138	0.094	0.609	0.159
0.200	0.001	0.782	0.017
0.027	0.112	0.860	0.001
0.001	0.033	0.965	0.001
0.053	0.933	0.001	0.013
0.001	0.048	0.950	0.001
0.032	0.001	0.825	0.142
0.130	0.009	0.746	0.115
0.140	0.140	0.719	0.001
0.151	0.828	0.020	0.001
0.095	0.351	0.379	0.175
0.285	0.103	0.314	0.298
