>HSGCCCCGCCCC	11-GGGGCGGGGCSD	9.618480	-1116.112935	0	T:7631.0(9.57%),B:4153.2(5.41%),P:1e-484
0.298	0.314	0.103	0.285
0.175	0.379	0.351	0.095
0.001	0.020	0.828	0.151
0.001	0.719	0.140	0.140
0.115	0.746	0.009	0.130
0.142	0.825	0.001	0.032
0.001	0.950	0.048	0.001
0.013	0.001	0.933	0.053
0.001	0.965	0.033	0.001
0.001	0.860	0.112	0.027
0.017	0.782	0.001	0.200
0.159	0.609	0.094	0.138
