>AACCTTTGACCT	14-AACCTTTGACCT	6.868403	-823.821787	0	T:17667.0(22.15%),B:12755.1(16.60%),P:1e-357
0.729	0.069	0.075	0.127
0.776	0.135	0.025	0.064
0.069	0.781	0.024	0.126
0.036	0.691	0.016	0.257
0.042	0.039	0.036	0.883
0.036	0.043	0.096	0.825
0.021	0.016	0.026	0.937
0.062	0.018	0.892	0.028
0.552	0.259	0.082	0.107
0.256	0.559	0.101	0.084
0.032	0.913	0.019	0.036
0.058	0.178	0.017	0.747
