>NBTTYCGSNN	1-NBTTYCGSNN	6.790625	-2956.801197	0	T:19487.0(51.17%),B:9498.8(32.11%),P:1e-1284	Tpos:658.8,Tstd:400.6,Bpos:555.1,Bstd:531.6,StrandBias:0.0,Multiplicity:1.71
0.316	0.196	0.305	0.183
0.019	0.395	0.266	0.321
0.001	0.001	0.001	0.997
0.001	0.001	0.001	0.997
0.138	0.412	0.001	0.449
0.001	0.997	0.001	0.001
0.001	0.001	0.997	0.001
0.034	0.370	0.414	0.182
0.187	0.330	0.230	0.252
0.283	0.275	0.188	0.254
>RGGGCGGGRC	2-RGGGCGGGRC	8.710550	-2258.656901	0	T:18744.0(49.22%),B:9635.8(32.58%),P:1e-980	Tpos:657.4,Tstd:383.6,Bpos:552.5,Bstd:565.9,StrandBias:0.1,Multiplicity:2.02
0.466	0.001	0.356	0.177
0.255	0.037	0.680	0.028
0.001	0.001	0.991	0.007
0.001	0.001	0.984	0.014
0.001	0.997	0.001	0.001
0.001	0.001	0.997	0.001
0.025	0.028	0.890	0.057
0.108	0.001	0.762	0.129
0.443	0.130	0.349	0.077
0.127	0.735	0.001	0.137
>TKACGTAACB	3-TKACGTAACB	5.579314	-1944.728396	0	T:10966.0(28.80%),B:4752.0(16.07%),P:1e-844	Tpos:660.6,Tstd:424.3,Bpos:574.3,Bstd:498.5,StrandBias:-0.0,Multiplicity:1.30
0.065	0.196	0.109	0.630
0.056	0.200	0.310	0.434
0.563	0.066	0.272	0.099
0.009	0.969	0.013	0.009
0.018	0.013	0.957	0.012
0.124	0.249	0.075	0.552
0.451	0.283	0.226	0.040
0.763	0.055	0.119	0.063
0.164	0.488	0.166	0.182
0.157	0.246	0.326	0.271
>TTACGTCCGS	4-TTACGTCCGS	5.106215	-1872.964521	0	T:15841.0(41.60%),B:8003.2(27.06%),P:1e-813	Tpos:692.1,Tstd:436.3,Bpos:565.7,Bstd:552.8,StrandBias:0.0,Multiplicity:1.33
0.112	0.128	0.152	0.608
0.246	0.143	0.071	0.540
0.429	0.209	0.220	0.143
0.207	0.536	0.152	0.105
0.148	0.114	0.628	0.110
0.220	0.180	0.153	0.447
0.083	0.541	0.115	0.261
0.090	0.656	0.162	0.092
0.040	0.140	0.714	0.106
0.049	0.502	0.387	0.062
>SCGGTTACBN	5-SCGGTTACBN	5.297344	-1703.362950	0	T:17321.0(45.48%),B:9227.6(31.20%),P:1e-739	Tpos:686.9,Tstd:435.2,Bpos:563.5,Bstd:536.8,StrandBias:-0.0,Multiplicity:1.43
0.159	0.412	0.338	0.091
0.045	0.794	0.153	0.008
0.008	0.263	0.716	0.013
0.005	0.188	0.756	0.051
0.125	0.154	0.022	0.699
0.315	0.091	0.066	0.528
0.666	0.054	0.211	0.069
0.142	0.499	0.247	0.112
0.050	0.254	0.334	0.361
0.285	0.248	0.201	0.266
>TTCGBCGCTW	6-TTCGBCGCTW	5.700905	-1670.327698	0	T:18376.0(48.25%),B:10024.4(33.89%),P:1e-725	Tpos:696.1,Tstd:430.4,Bpos:561.4,Bstd:541.2,StrandBias:0.0,Multiplicity:1.56
0.167	0.233	0.001	0.599
0.005	0.300	0.128	0.567
0.001	0.994	0.004	0.001
0.003	0.151	0.765	0.081
0.064	0.313	0.350	0.272
0.154	0.476	0.186	0.183
0.200	0.197	0.473	0.130
0.001	0.771	0.001	0.227
0.152	0.078	0.223	0.547
0.396	0.098	0.120	0.386
>TGCGCATGCG	7-TGCGCATGCG	8.775020	-1567.190897	0	T:5301.0(13.92%),B:1782.8(6.03%),P:1e-680	Tpos:645.9,Tstd:334.4,Bpos:558.5,Bstd:547.4,StrandBias:-0.0,Multiplicity:1.31
0.069	0.275	0.097	0.559
0.213	0.043	0.687	0.057
0.039	0.922	0.032	0.007
0.011	0.005	0.965	0.019
0.040	0.855	0.054	0.051
0.772	0.085	0.063	0.080
0.079	0.076	0.191	0.654
0.099	0.040	0.821	0.040
0.053	0.894	0.010	0.043
0.023	0.048	0.872	0.057
>CCGCCATYTT	8-CCGCCATYTT	8.157425	-1542.737910	0	T:4930.0(12.95%),B:1606.3(5.43%),P:1e-669	Tpos:689.9,Tstd:385.9,Bpos:562.1,Bstd:528.3,StrandBias:-0.2,Multiplicity:1.15
0.001	0.869	0.110	0.020
0.001	0.975	0.023	0.001
0.011	0.011	0.966	0.012
0.007	0.986	0.001	0.006
0.013	0.981	0.001	0.005
0.973	0.021	0.005	0.001
0.001	0.001	0.001	0.997
0.030	0.337	0.207	0.426
0.002	0.001	0.008	0.989
0.025	0.013	0.001	0.961
>TTGCGCAATA	9-TTGCGCAATA	4.691577	-1510.046978	0	T:22147.0(58.15%),B:13053.3(44.13%),P:1e-655	Tpos:662.9,Tstd:459.7,Bpos:570.6,Bstd:528.5,StrandBias:0.0,Multiplicity:1.47
0.054	0.155	0.150	0.641
0.083	0.077	0.016	0.824
0.128	0.106	0.638	0.128
0.028	0.920	0.030	0.022
0.014	0.016	0.964	0.006
0.256	0.509	0.162	0.073
0.898	0.042	0.051	0.009
0.605	0.167	0.159	0.069
0.098	0.108	0.146	0.648
0.439	0.230	0.169	0.162
>TAACTCCGCC	10-TAACTCCGCC	5.835895	-1495.204216	0	T:23486.0(61.67%),B:14117.6(47.73%),P:1e-649	Tpos:704.3,Tstd:423.4,Bpos:566.0,Bstd:566.8,StrandBias:-0.2,Multiplicity:1.75
0.234	0.165	0.068	0.533
0.440	0.148	0.178	0.235
0.412	0.115	0.241	0.231
0.200	0.616	0.159	0.025
0.125	0.077	0.239	0.559
0.163	0.510	0.203	0.124
0.001	0.937	0.061	0.001
0.002	0.001	0.978	0.019
0.086	0.601	0.119	0.194
0.202	0.777	0.003	0.018
>WWTCGCGCGA	11-WWTCGCGCGA	6.207273	-1446.648217	0	T:12038.0(31.61%),B:5899.2(19.94%),P:1e-628	Tpos:703.9,Tstd:421.2,Bpos:566.8,Bstd:557.3,StrandBias:0.0,Multiplicity:1.35
0.252	0.179	0.172	0.397
0.367	0.150	0.216	0.267
0.085	0.140	0.035	0.740
0.152	0.666	0.181	0.001
0.074	0.109	0.540	0.277
0.001	0.987	0.011	0.001
0.001	0.001	0.997	0.001
0.248	0.651	0.096	0.005
0.001	0.201	0.797	0.001
0.820	0.001	0.178	0.001
>YGATTGGHBV	12-YGATTGGHBV	6.577763	-1341.758947	0	T:11093.0(29.13%),B:5393.7(18.24%),P:1e-582	Tpos:618.6,Tstd:388.5,Bpos:556.1,Bstd:500.5,StrandBias:-0.0,Multiplicity:1.47
0.086	0.431	0.158	0.325
0.099	0.146	0.566	0.189
0.729	0.001	0.269	0.001
0.001	0.084	0.001	0.914
0.001	0.225	0.001	0.773
0.128	0.001	0.862	0.009
0.001	0.001	0.997	0.001
0.230	0.342	0.149	0.279
0.107	0.326	0.209	0.357
0.337	0.231	0.297	0.135
>CGACTAGCGA	13-CGACTAGCGA	4.766163	-1339.694121	0	T:20913.0(54.91%),B:12346.2(41.74%),P:1e-581	Tpos:712.9,Tstd:443.8,Bpos:558.5,Bstd:558.8,StrandBias:0.0,Multiplicity:1.69
0.102	0.721	0.103	0.074
0.110	0.103	0.706	0.081
0.680	0.109	0.113	0.098
0.096	0.710	0.107	0.087
0.092	0.088	0.096	0.724
0.662	0.141	0.095	0.102
0.111	0.103	0.704	0.082
0.095	0.729	0.099	0.077
0.107	0.092	0.709	0.092
0.655	0.123	0.112	0.110
>TAGYCHCGCC	14-TAGYCHCGCC	5.480872	-1245.494153	0	T:23688.0(62.20%),B:14640.8(49.50%),P:1e-540	Tpos:687.5,Tstd:452.8,Bpos:567.0,Bstd:537.6,StrandBias:-0.0,Multiplicity:1.60
0.028	0.001	0.001	0.970
0.661	0.001	0.001	0.337
0.019	0.279	0.554	0.148
0.145	0.335	0.184	0.335
0.272	0.526	0.201	0.001
0.361	0.322	0.029	0.289
0.001	0.997	0.001	0.001
0.001	0.001	0.997	0.001
0.100	0.481	0.230	0.189
0.001	0.499	0.165	0.336
>CGTTCCGTTT	15-CGTTCCGTTT	6.581918	-1242.706550	0	T:10942.0(28.73%),B:5402.8(18.27%),P:1e-539	Tpos:681.8,Tstd:462.4,Bpos:561.7,Bstd:501.1,StrandBias:-0.0,Multiplicity:1.25
0.099	0.767	0.068	0.066
0.038	0.070	0.812	0.080
0.061	0.063	0.061	0.815
0.071	0.068	0.088	0.773
0.044	0.799	0.059	0.098
0.107	0.779	0.067	0.047
0.030	0.091	0.835	0.044
0.060	0.074	0.079	0.787
0.044	0.081	0.055	0.820
0.055	0.078	0.055	0.812
>CGACCGAAGT	16-CGACCGAAGT	5.512113	-1228.885944	0	T:14614.0(38.37%),B:7904.3(26.72%),P:1e-533	Tpos:686.9,Tstd:442.0,Bpos:562.6,Bstd:535.0,StrandBias:-0.0,Multiplicity:1.33
0.082	0.796	0.059	0.063
0.097	0.031	0.815	0.057
0.771	0.088	0.070	0.071
0.050	0.852	0.073	0.025
0.048	0.839	0.087	0.026
0.052	0.045	0.861	0.042
0.735	0.079	0.106	0.080
0.844	0.049	0.077	0.030
0.075	0.064	0.796	0.065
0.117	0.079	0.113	0.691
>GAAACGAACG	17-GAAACGAACG	4.947459	-1216.134213	0	T:18502.0(48.58%),B:10717.5(36.23%),P:1e-528	Tpos:682.0,Tstd:468.9,Bpos:558.8,Bstd:502.7,StrandBias:-0.0,Multiplicity:1.39
0.130	0.085	0.676	0.109
0.658	0.115	0.114	0.113
0.745	0.080	0.087	0.088
0.684	0.079	0.129	0.108
0.105	0.724	0.080	0.091
0.087	0.118	0.706	0.089
0.696	0.096	0.112	0.096
0.666	0.112	0.127	0.095
0.109	0.733	0.088	0.070
0.087	0.098	0.712	0.103
>AGACTACGCG	18-AGACTACGCG	5.976163	-1205.980510	0	T:12631.0(33.17%),B:6569.4(22.21%),P:1e-523	Tpos:687.8,Tstd:438.8,Bpos:564.7,Bstd:530.7,StrandBias:-0.0,Multiplicity:1.30
0.656	0.117	0.104	0.123
0.122	0.127	0.645	0.106
0.656	0.117	0.114	0.113
0.093	0.677	0.117	0.113
0.116	0.043	0.103	0.738
0.655	0.116	0.117	0.112
0.110	0.697	0.122	0.071
0.068	0.097	0.740	0.095
0.067	0.783	0.089	0.061
0.055	0.114	0.751	0.080
>CGAAGCGTTA	19-CGAAGCGTTA	4.762674	-1162.360209	0	T:21710.0(57.01%),B:13222.1(44.70%),P:1e-504	Tpos:697.0,Tstd:450.0,Bpos:557.4,Bstd:528.0,StrandBias:-0.1,Multiplicity:1.59
0.099	0.706	0.118	0.077
0.088	0.085	0.751	0.076
0.653	0.126	0.132	0.089
0.691	0.111	0.103	0.095
0.100	0.111	0.696	0.093
0.102	0.718	0.090	0.090
0.076	0.104	0.739	0.081
0.113	0.110	0.107	0.670
0.105	0.133	0.082	0.680
0.698	0.092	0.099	0.111
>TAAAGCGCGG	20-TAAAGCGCGG	5.635500	-1128.660150	0	T:14157.0(37.17%),B:7718.1(26.09%),P:1e-490	Tpos:707.3,Tstd:438.7,Bpos:564.1,Bstd:579.7,StrandBias:-0.1,Multiplicity:1.34
0.151	0.131	0.136	0.582
0.594	0.126	0.122	0.158
0.587	0.131	0.151	0.131
0.565	0.149	0.149	0.137
0.137	0.148	0.580	0.135
0.129	0.618	0.132	0.121
0.108	0.131	0.638	0.123
0.118	0.663	0.122	0.097
0.113	0.156	0.615	0.116
0.135	0.166	0.557	0.142
>AATACCGCGC	21-AATACCGCGC	6.178414	-1094.261362	0	T:12267.0(32.21%),B:6462.7(21.85%),P:1e-475	Tpos:681.8,Tstd:431.8,Bpos:550.7,Bstd:536.6,StrandBias:-0.1,Multiplicity:1.21
0.819	0.056	0.082	0.043
0.845	0.047	0.084	0.024
0.065	0.079	0.097	0.759
0.777	0.090	0.061	0.072
0.037	0.838	0.080	0.045
0.078	0.810	0.044	0.068
0.051	0.041	0.825	0.083
0.035	0.817	0.065	0.083
0.045	0.128	0.743	0.084
0.075	0.767	0.053	0.105
>GAATTGTAGT	22-GAATTGTAGT	7.371619	-911.536523	0	T:2662.0(6.99%),B:812.2(2.75%),P:1e-395	Tpos:584.6,Tstd:358.6,Bpos:560.3,Bstd:480.8,StrandBias:-0.1,Multiplicity:1.21
0.001	0.001	0.997	0.001
0.949	0.006	0.024	0.021
0.566	0.034	0.320	0.080
0.113	0.080	0.083	0.724
0.013	0.051	0.005	0.931
0.013	0.001	0.985	0.001
0.001	0.017	0.007	0.975
0.991	0.003	0.001	0.005
0.001	0.022	0.976	0.001
0.001	0.008	0.001	0.990
>CCTTTTCCGG	23-CCTTTTCCGG	6.971077	-891.182093	0	T:8190.0(21.51%),B:4020.5(13.59%),P:1e-387	Tpos:683.5,Tstd:465.1,Bpos:566.7,Bstd:496.5,StrandBias:-0.0,Multiplicity:1.13
0.111	0.750	0.096	0.043
0.049	0.848	0.020	0.083
0.007	0.068	0.001	0.924
0.018	0.015	0.001	0.966
0.020	0.034	0.001	0.945
0.001	0.001	0.001	0.997
0.007	0.944	0.041	0.008
0.067	0.931	0.001	0.001
0.001	0.126	0.872	0.001
0.038	0.037	0.915	0.010
>AASRGGAAGT	24-AASRGGAAGT	7.669108	-732.385717	0	T:9897.0(25.99%),B:5350.4(18.09%),P:1e-318	Tpos:645.6,Tstd:474.8,Bpos:564.8,Bstd:426.8,StrandBias:0.2,Multiplicity:1.18
0.541	0.001	0.266	0.192
0.553	0.001	0.218	0.228
0.226	0.441	0.332	0.001
0.504	0.001	0.494	0.001
0.001	0.001	0.997	0.001
0.001	0.001	0.997	0.001
0.704	0.001	0.001	0.294
0.794	0.124	0.001	0.081
0.030	0.001	0.968	0.001
0.001	0.001	0.001	0.997
>TTCGAGCGTT	25-TTCGAGCGTT	6.549083	-717.361005	0	T:5763.0(15.13%),B:2690.5(9.10%),P:1e-311	Tpos:664.4,Tstd:489.6,Bpos:561.6,Bstd:452.7,StrandBias:0.2,Multiplicity:1.10
0.060	0.008	0.148	0.784
0.028	0.001	0.104	0.867
0.160	0.680	0.029	0.131
0.091	0.140	0.760	0.009
0.898	0.001	0.013	0.088
0.093	0.086	0.820	0.001
0.116	0.852	0.001	0.031
0.024	0.059	0.804	0.113
0.102	0.159	0.040	0.699
0.094	0.143	0.086	0.677
>GCCCCGCCCCCT	1-GCCCCGCCCCCT	9.186901	-2290.904586	0	T:16666.0(43.76%),B:8150.7(27.56%),P:1e-994	Tpos:651.6,Tstd:379.6,Bpos:554.4,Bstd:560.8,StrandBias:-0.1,Multiplicity:1.82
0.020	0.001	0.761	0.218
0.060	0.562	0.039	0.339
0.158	0.612	0.001	0.229
0.127	0.871	0.001	0.001
0.001	0.997	0.001	0.001
0.001	0.001	0.997	0.001
0.001	0.997	0.001	0.001
0.001	0.997	0.001	0.001
0.001	0.751	0.001	0.247
0.172	0.656	0.001	0.171
0.086	0.545	0.001	0.368
0.156	0.228	0.227	0.388
>CGBCACTTCCGG	2-CGBCACTTCCGG	7.281230	-1802.384321	0	T:13119.0(34.45%),B:6247.5(21.12%),P:1e-782	Tpos:658.7,Tstd:395.2,Bpos:555.3,Bstd:517.3,StrandBias:-0.1,Multiplicity:1.37
0.195	0.562	0.164	0.079
0.106	0.275	0.491	0.128
0.087	0.303	0.261	0.349
0.034	0.551	0.269	0.146
0.931	0.001	0.031	0.037
0.001	0.969	0.001	0.029
0.033	0.092	0.026	0.849
0.001	0.001	0.016	0.982
0.001	0.997	0.001	0.001
0.001	0.997	0.001	0.001
0.001	0.006	0.917	0.076
0.001	0.278	0.708	0.013
>VNTTMCGCTTNN	3-VNTTMCGCTTNN	4.660611	-1654.224645	0	T:22732.0(59.69%),B:13313.4(45.01%),P:1e-718	Tpos:664.9,Tstd:456.6,Bpos:565.1,Bstd:509.6,StrandBias:-0.0,Multiplicity:1.62
0.331	0.190	0.325	0.154
0.243	0.208	0.275	0.274
0.206	0.048	0.146	0.600
0.148	0.087	0.107	0.658
0.409	0.325	0.068	0.199
0.053	0.755	0.167	0.025
0.022	0.014	0.898	0.066
0.225	0.617	0.053	0.105
0.111	0.092	0.226	0.571
0.322	0.075	0.051	0.552
0.234	0.277	0.311	0.177
0.259	0.214	0.335	0.192
>BTGCGCATGCGC	4-BTGCGCATGCGC	10.167744	-1651.883948	0	T:5317.0(13.96%),B:1744.6(5.90%),P:1e-717	Tpos:655.1,Tstd:337.8,Bpos:559.1,Bstd:570.7,StrandBias:-0.0,Multiplicity:1.30
0.174	0.332	0.306	0.187
0.045	0.286	0.125	0.544
0.146	0.001	0.852	0.001
0.045	0.953	0.001	0.001
0.011	0.016	0.972	0.001
0.001	0.997	0.001	0.001
0.664	0.193	0.096	0.047
0.001	0.087	0.155	0.757
0.001	0.001	0.997	0.001
0.001	0.964	0.001	0.034
0.001	0.028	0.853	0.118
0.001	0.773	0.023	0.203
>CGCTTCCGGTTT	5-CGCTTCCGGTTT	6.517702	-1637.133993	0	T:22485.0(59.04%),B:13144.5(44.44%),P:1e-710	Tpos:678.2,Tstd:456.9,Bpos:551.8,Bstd:517.8,StrandBias:0.0,Multiplicity:1.65
0.100	0.700	0.100	0.100
0.100	0.100	0.700	0.100
0.100	0.700	0.100	0.100
0.100	0.100	0.100	0.700
0.100	0.100	0.100	0.700
0.100	0.700	0.100	0.100
0.100	0.700	0.100	0.100
0.100	0.100	0.700	0.100
0.100	0.100	0.700	0.100
0.100	0.100	0.100	0.700
0.100	0.100	0.100	0.700
0.100	0.100	0.100	0.700
>CAARATGGCGGC	6-CAARATGGCGGC	9.521394	-1595.209999	0	T:4256.0(11.18%),B:1250.3(4.23%),P:1e-692	Tpos:689.0,Tstd:374.5,Bpos:567.4,Bstd:519.4,StrandBias:0.3,Multiplicity:1.13
0.189	0.442	0.277	0.092
0.911	0.001	0.087	0.001
0.997	0.001	0.001	0.001
0.306	0.245	0.448	0.001
0.997	0.001	0.001	0.001
0.001	0.026	0.028	0.945
0.001	0.001	0.997	0.001
0.001	0.001	0.997	0.001
0.001	0.979	0.001	0.019
0.045	0.067	0.834	0.054
0.074	0.200	0.725	0.001
0.205	0.644	0.054	0.097
>NATMTCGCGANN	7-NATMTCGCGANN	4.623263	-1594.584276	0	T:19574.0(51.40%),B:10996.5(37.18%),P:1e-692	Tpos:684.6,Tstd:428.1,Bpos:556.3,Bstd:553.5,StrandBias:-0.0,Multiplicity:1.63
0.322	0.209	0.209	0.260
0.405	0.195	0.202	0.198
0.100	0.080	0.108	0.712
0.380	0.365	0.137	0.117
0.211	0.122	0.138	0.529
0.173	0.593	0.108	0.126
0.105	0.102	0.645	0.148
0.130	0.793	0.021	0.056
0.082	0.074	0.654	0.190
0.515	0.297	0.046	0.142
0.232	0.337	0.220	0.211
0.249	0.297	0.245	0.208
>SYGATTGGYYRV	8-SYGATTGGYYRV	3.460007	-1275.231083	0	T:10917.0(28.67%),B:5350.5(18.09%),P:1e-553	Tpos:617.3,Tstd:397.2,Bpos:557.2,Bstd:498.0,StrandBias:0.0,Multiplicity:1.39
0.143	0.364	0.284	0.209
0.001	0.370	0.212	0.416
0.001	0.001	0.659	0.339
0.997	0.001	0.001	0.001
0.001	0.001	0.001	0.997
0.001	0.001	0.001	0.997
0.001	0.001	0.997	0.001
0.001	0.001	0.997	0.001
0.248	0.425	0.001	0.326
0.001	0.537	0.001	0.461
0.395	0.221	0.383	0.001
0.249	0.258	0.352	0.141
>GGGAATTGTAGT	9-GGGAATTGTAGT	10.285075	-1180.457965	0	T:2234.0(5.87%),B:515.9(1.74%),P:1e-512	Tpos:579.3,Tstd:322.0,Bpos:569.4,Bstd:506.3,StrandBias:-0.1,Multiplicity:1.31
0.039	0.025	0.913	0.023
0.023	0.002	0.964	0.011
0.036	0.006	0.931	0.027
0.787	0.042	0.080	0.091
0.560	0.065	0.305	0.070
0.212	0.129	0.179	0.480
0.021	0.146	0.031	0.802
0.020	0.007	0.943	0.030
0.029	0.051	0.071	0.849
0.902	0.010	0.070	0.018
0.007	0.030	0.954	0.009
0.006	0.035	0.043	0.916
>GKAACGGCCGDM	10-GKAACGGCCGDM	4.555984	-1115.076573	0	T:23163.0(60.82%),B:14430.3(48.79%),P:1e-484	Tpos:689.8,Tstd:443.3,Bpos:558.6,Bstd:550.3,StrandBias:-0.0,Multiplicity:1.83
0.227	0.212	0.410	0.152
0.159	0.178	0.333	0.330
0.742	0.021	0.091	0.146
0.557	0.121	0.065	0.257
0.070	0.694	0.047	0.189
0.101	0.239	0.563	0.097
0.196	0.115	0.543	0.146
0.206	0.408	0.150	0.236
0.037	0.634	0.230	0.099
0.074	0.114	0.632	0.180
0.331	0.150	0.203	0.316
0.357	0.242	0.206	0.195
>NHGCGTAGTRNV	11-NHGCGTAGTRNV	4.649406	-1038.506532	0	T:19449.0(51.07%),B:11695.7(39.54%),P:1e-451	Tpos:685.7,Tstd:436.8,Bpos:562.0,Bstd:531.4,StrandBias:0.1,Multiplicity:1.50
0.240	0.254	0.273	0.233
0.249	0.355	0.174	0.223
0.216	0.100	0.521	0.163
0.046	0.785	0.047	0.122
0.120	0.088	0.730	0.062
0.113	0.085	0.079	0.723
0.721	0.144	0.031	0.104
0.141	0.131	0.510	0.218
0.121	0.273	0.047	0.559
0.259	0.202	0.383	0.156
0.193	0.285	0.284	0.237
0.269	0.222	0.331	0.178
>ACGAAAAGCGCG	12-ACGAAAAGCGCG	6.517702	-970.295574	0	T:17248.0(45.29%),B:10168.5(34.38%),P:1e-421	Tpos:701.1,Tstd:446.1,Bpos:565.1,Bstd:541.5,StrandBias:-0.1,Multiplicity:1.36
0.700	0.100	0.100	0.100
0.100	0.700	0.100	0.100
0.100	0.100	0.700	0.100
0.700	0.100	0.100	0.100
0.700	0.100	0.100	0.100
0.700	0.100	0.100	0.100
0.700	0.100	0.100	0.100
0.100	0.100	0.700	0.100
0.100	0.700	0.100	0.100
0.100	0.100	0.700	0.100
0.100	0.700	0.100	0.100
0.100	0.100	0.700	0.100
>TTCCGTTAACGG	13-TTCCGTTAACGG	6.517702	-896.138340	0	T:9996.0(26.25%),B:5192.1(17.55%),P:1e-389	Tpos:660.8,Tstd:476.7,Bpos:569.4,Bstd:485.7,StrandBias:-0.0,Multiplicity:1.14
0.100	0.100	0.100	0.700
0.100	0.100	0.100	0.700
0.100	0.700	0.100	0.100
0.100	0.700	0.100	0.100
0.100	0.100	0.700	0.100
0.100	0.100	0.100	0.700
0.100	0.100	0.100	0.700
0.700	0.100	0.100	0.100
0.700	0.100	0.100	0.100
0.100	0.700	0.100	0.100
0.100	0.100	0.700	0.100
0.100	0.100	0.700	0.100
>TTTCCGGCCGGA	14-TTTCCGGCCGGA	6.517702	-895.380802	0	T:21700.0(56.98%),B:13659.4(46.18%),P:1e-388	Tpos:694.1,Tstd:445.8,Bpos:559.9,Bstd:547.2,StrandBias:0.1,Multiplicity:1.60
0.100	0.100	0.100	0.700
0.100	0.100	0.100	0.700
0.100	0.100	0.100	0.700
0.100	0.700	0.100	0.100
0.100	0.700	0.100	0.100
0.100	0.100	0.700	0.100
0.100	0.100	0.700	0.100
0.100	0.700	0.100	0.100
0.100	0.700	0.100	0.100
0.100	0.100	0.700	0.100
0.100	0.100	0.700	0.100
0.700	0.100	0.100	0.100
>NDAAGTCGBCBN	15-NDAAGTCGBCBN	4.628485	-884.729727	0	T:20805.0(54.63%),B:12987.6(43.91%),P:1e-384	Tpos:678.7,Tstd:444.9,Bpos:558.5,Bstd:533.6,StrandBias:-0.0,Multiplicity:1.54
0.298	0.270	0.214	0.218
0.242	0.136	0.247	0.376
0.626	0.122	0.073	0.179
0.529	0.191	0.122	0.158
0.158	0.104	0.450	0.289
0.088	0.116	0.062	0.734
0.113	0.699	0.087	0.101
0.043	0.103	0.817	0.037
0.168	0.353	0.225	0.254
0.090	0.575	0.180	0.155
0.120	0.254	0.299	0.327
0.279	0.303	0.155	0.263
>YGCGTTCGAAKD	16-YGCGTTCGAAKD	-0.293353	-856.448744	0	T:8887.0(23.34%),B:4512.8(15.26%),P:1e-371	Tpos:663.1,Tstd:452.6,Bpos:555.2,Bstd:519.8,StrandBias:0.1,Multiplicity:1.15
0.158	0.381	0.074	0.388
0.010	0.180	0.715	0.095
0.001	0.997	0.001	0.001
0.001	0.001	0.997	0.001
0.001	0.001	0.001	0.997
0.052	0.001	0.001	0.946
0.001	0.997	0.001	0.001
0.001	0.001	0.997	0.001
0.935	0.001	0.001	0.063
0.997	0.001	0.001	0.001
0.126	0.001	0.493	0.380
0.355	0.063	0.244	0.337
>GGGCGGAGTTTA	17-GGGCGGAGTTTA	7.408017	-837.869803	0	T:10538.0(27.67%),B:5633.0(19.04%),P:1e-363	Tpos:690.2,Tstd:451.0,Bpos:550.8,Bstd:484.3,StrandBias:0.1,Multiplicity:1.19
0.060	0.015	0.893	0.032
0.046	0.033	0.893	0.028
0.030	0.046	0.905	0.019
0.090	0.779	0.040	0.091
0.047	0.028	0.889	0.036
0.016	0.031	0.952	0.001
0.704	0.031	0.179	0.086
0.017	0.044	0.924	0.015
0.042	0.052	0.043	0.863
0.010	0.055	0.043	0.892
0.081	0.050	0.215	0.654
0.653	0.124	0.151	0.072
>CGGTCACGTGAC	18-CGGTCACGTGAC	-5.417407	-709.101870	0	T:17164.0(45.07%),B:10561.5(35.71%),P:1e-307	Tpos:675.0,Tstd:439.2,Bpos:561.5,Bstd:501.5,StrandBias:-0.0,Multiplicity:1.51
0.001	0.723	0.231	0.045
0.058	0.271	0.670	0.001
0.001	0.001	0.997	0.001
0.001	0.001	0.001	0.997
0.001	0.997	0.001	0.001
0.997	0.001	0.001	0.001
0.001	0.997	0.001	0.001
0.001	0.001	0.997	0.001
0.001	0.001	0.001	0.997
0.001	0.001	0.997	0.001
0.997	0.001	0.001	0.001
0.001	0.997	0.001	0.001
>CCACYAGRGGGC	19-CCACYAGRGGGC	10.744775	-633.167357	0	T:2067.0(5.43%),B:666.6(2.25%),P:1e-274	Tpos:450.8,Tstd:374.7,Bpos:580.5,Bstd:427.5,StrandBias:0.1,Multiplicity:1.04
0.125	0.771	0.035	0.069
0.010	0.988	0.001	0.001
0.941	0.027	0.014	0.018
0.005	0.731	0.213	0.051
0.099	0.408	0.001	0.491
0.929	0.001	0.069	0.001
0.001	0.001	0.997	0.001
0.466	0.001	0.532	0.001
0.001	0.001	0.641	0.357
0.004	0.001	0.994	0.001
0.001	0.066	0.775	0.158
0.164	0.817	0.018	0.001
>GCGTTACGGAGG	20-GCGTTACGGAGG	6.517702	-600.644898	0	T:20671.0(54.28%),B:13441.4(45.44%),P:1e-260	Tpos:701.3,Tstd:450.9,Bpos:557.7,Bstd:523.8,StrandBias:0.0,Multiplicity:1.46
0.100	0.100	0.700	0.100
0.100	0.700	0.100	0.100
0.100	0.100	0.700	0.100
0.100	0.100	0.100	0.700
0.100	0.100	0.100	0.700
0.700	0.100	0.100	0.100
0.100	0.700	0.100	0.100
0.100	0.100	0.700	0.100
0.100	0.100	0.700	0.100
0.700	0.100	0.100	0.100
0.100	0.100	0.700	0.100
0.100	0.100	0.700	0.100
>TTAATGATTAAC	21-TTAATGATTAAC	2.539324	-334.572499	0	T:22595.0(59.33%),B:15611.2(52.78%),P:1e-145	Tpos:586.6,Tstd:489.1,Bpos:559.8,Bstd:422.9,StrandBias:-0.0,Multiplicity:2.14
0.037	0.058	0.028	0.877
0.054	0.049	0.076	0.821
0.940	0.016	0.028	0.016
0.858	0.091	0.008	0.043
0.040	0.010	0.062	0.888
0.131	0.119	0.581	0.169
0.826	0.058	0.034	0.082
0.055	0.025	0.095	0.825
0.037	0.043	0.014	0.906
0.810	0.054	0.052	0.084
0.894	0.035	0.017	0.054
0.087	0.773	0.018	0.122
>CTTAGCAACCGG	22-CTTAGCAACCGG	9.888736	-296.866351	0	T:1205.0(3.16%),B:429.4(1.45%),P:1e-128	Tpos:627.3,Tstd:408.9,Bpos:557.0,Bstd:431.2,StrandBias:-0.0,Multiplicity:1.04
0.007	0.955	0.024	0.014
0.099	0.135	0.001	0.765
0.024	0.119	0.107	0.750
0.827	0.071	0.100	0.002
0.003	0.001	0.995	0.001
0.060	0.856	0.083	0.001
0.862	0.037	0.100	0.001
0.624	0.162	0.174	0.040
0.051	0.947	0.001	0.001
0.195	0.750	0.001	0.054
0.110	0.010	0.810	0.070
0.006	0.076	0.851	0.067
>AAAGAGCCTTTG	23-AAAGAGCCTTTG	10.079824	-218.003165	0	T:209.0(0.55%),B:25.4(0.09%),P:1e-94	Tpos:835.0,Tstd:597.0,Bpos:600.8,Bstd:347.0,StrandBias:-0.2,Multiplicity:1.13
0.597	0.001	0.003	0.399
0.842	0.001	0.001	0.156
0.997	0.001	0.001	0.001
0.001	0.001	0.997	0.001
0.997	0.001	0.001	0.001
0.001	0.001	0.997	0.001
0.001	0.997	0.001	0.001
0.001	0.997	0.001	0.001
0.001	0.019	0.001	0.979
0.001	0.001	0.001	0.997
0.001	0.001	0.001	0.997
0.409	0.001	0.589	0.001
>GTATATAAGGCG	24-GTATATAAGGCG	12.525678	-190.311424	0	T:64.0(0.17%),B:0.8(0.00%),P:1e-82	Tpos:772.9,Tstd:340.1,Bpos:972.9,Bstd:72.3,StrandBias:1.0,Multiplicity:1.00
0.001	0.001	0.997	0.001
0.001	0.001	0.001	0.997
0.997	0.001	0.001	0.001
0.001	0.084	0.001	0.914
0.997	0.001	0.001	0.001
0.001	0.084	0.001	0.914
0.834	0.001	0.001	0.164
0.834	0.001	0.164	0.001
0.001	0.197	0.801	0.001
0.001	0.248	0.750	0.001
0.179	0.636	0.001	0.184
0.001	0.184	0.814	0.001
>AGGTTGGGCGCG	25-AGGTTGGGCGCG	13.355765	-126.897415	0	T:119.0(0.31%),B:15.0(0.05%),P:1e-55	Tpos:776.8,Tstd:437.5,Bpos:518.2,Bstd:229.6,StrandBias:-0.2,Multiplicity:1.00
0.749	0.249	0.001	0.001
0.001	0.001	0.997	0.001
0.001	0.001	0.997	0.001
0.001	0.001	0.001	0.997
0.019	0.001	0.135	0.845
0.001	0.062	0.775	0.162
0.001	0.001	0.997	0.001
0.250	0.001	0.743	0.006
0.001	0.936	0.001	0.062
0.062	0.001	0.936	0.001
0.001	0.997	0.001	0.001
0.249	0.001	0.749	0.001
>ACTTCCGS	1-ACTTCCGS	6.974504	-2729.829829	0	T:17796.0(46.73%),B:8521.9(28.81%),P:1e-1185	Tpos:652.7,Tstd:395.5,Bpos:555.0,Bstd:520.4,StrandBias:0.0,Multiplicity:1.63
0.517	0.001	0.323	0.159
0.035	0.585	0.044	0.336
0.001	0.001	0.001	0.997
0.001	0.001	0.001	0.997
0.001	0.742	0.001	0.256
0.001	0.997	0.001	0.001
0.001	0.021	0.977	0.001
0.069	0.419	0.425	0.087
>TKWCGCDA	2-TKWCGCDA	5.101767	-2182.128515	0	T:18320.0(48.11%),B:9412.7(31.82%),P:1e-947	Tpos:671.0,Tstd:438.4,Bpos:567.9,Bstd:511.1,StrandBias:-0.0,Multiplicity:1.61
0.145	0.001	0.088	0.766
0.164	0.164	0.371	0.300
0.512	0.038	0.051	0.399
0.017	0.957	0.001	0.025
0.001	0.001	0.997	0.001
0.001	0.691	0.001	0.307
0.237	0.170	0.349	0.245
0.697	0.066	0.093	0.144
>CGMCGTAA	3-CGMCGTAA	5.799305	-2011.088681	0	T:16560.0(43.48%),B:8355.3(28.25%),P:1e-873	Tpos:678.1,Tstd:440.4,Bpos:563.7,Bstd:539.1,StrandBias:-0.1,Multiplicity:1.46
0.001	0.997	0.001	0.001
0.001	0.001	0.904	0.094
0.399	0.524	0.076	0.001
0.228	0.770	0.001	0.001
0.130	0.281	0.518	0.071
0.274	0.001	0.229	0.496
0.628	0.001	0.001	0.370
0.907	0.001	0.091	0.001
>WCGTTYCG	4-WCGTTYCG	5.809977	-1766.523726	0	T:18861.0(49.53%),B:10261.2(34.69%),P:1e-767	Tpos:687.1,Tstd:430.4,Bpos:567.9,Bstd:543.8,StrandBias:-0.1,Multiplicity:1.58
0.337	0.175	0.077	0.412
0.307	0.474	0.103	0.117
0.038	0.069	0.555	0.338
0.157	0.209	0.057	0.577
0.001	0.272	0.001	0.726
0.002	0.550	0.033	0.415
0.001	0.997	0.001	0.001
0.001	0.013	0.985	0.001
>GCGNWATV	5-GCGNWATV	4.937795	-1704.908956	0	T:22171.0(58.22%),B:12814.3(43.32%),P:1e-740	Tpos:681.4,Tstd:438.2,Bpos:557.4,Bstd:546.9,StrandBias:0.0,Multiplicity:1.77
0.165	0.083	0.505	0.247
0.009	0.981	0.001	0.009
0.001	0.033	0.965	0.001
0.188	0.317	0.244	0.251
0.505	0.001	0.001	0.493
0.550	0.063	0.001	0.386
0.228	0.170	0.215	0.387
0.294	0.347	0.206	0.153
>GCGCGATA	6-GCGCGATA	4.678115	-1680.876429	0	T:19420.0(50.99%),B:10774.8(36.43%),P:1e-729	Tpos:685.9,Tstd:419.2,Bpos:563.4,Bstd:578.1,StrandBias:0.0,Multiplicity:1.46
0.151	0.189	0.541	0.119
0.098	0.724	0.114	0.064
0.062	0.102	0.774	0.062
0.151	0.657	0.110	0.082
0.140	0.068	0.623	0.169
0.528	0.184	0.131	0.157
0.198	0.113	0.151	0.538
0.615	0.100	0.106	0.179
>WACGGWCG	7-WACGGWCG	5.117063	-1624.523731	0	T:17770.0(46.66%),B:9642.8(32.60%),P:1e-705	Tpos:686.1,Tstd:449.8,Bpos:558.0,Bstd:544.1,StrandBias:-0.1,Multiplicity:1.46
0.457	0.001	0.001	0.541
0.635	0.096	0.001	0.268
0.174	0.824	0.001	0.001
0.001	0.001	0.887	0.111
0.050	0.217	0.455	0.278
0.421	0.179	0.040	0.361
0.085	0.747	0.001	0.167
0.001	0.066	0.751	0.182
>GYWACCGG	8-GYWACCGG	4.580414	-1485.394535	0	T:22842.0(59.98%),B:13626.8(46.07%),P:1e-645	Tpos:687.8,Tstd:439.2,Bpos:560.0,Bstd:542.4,StrandBias:0.0,Multiplicity:1.73
0.083	0.207	0.550	0.160
0.086	0.290	0.200	0.425
0.490	0.076	0.072	0.362
0.649	0.077	0.143	0.131
0.197	0.521	0.200	0.082
0.009	0.729	0.196	0.066
0.082	0.238	0.657	0.023
0.191	0.255	0.451	0.103
>CGGWSTWA	9-CGGWSTWA	5.235435	-1392.672309	0	T:21046.0(55.26%),B:12372.8(41.83%),P:1e-604	Tpos:681.6,Tstd:448.4,Bpos:562.9,Bstd:527.6,StrandBias:-0.0,Multiplicity:1.55
0.001	0.997	0.001	0.001
0.001	0.060	0.938	0.001
0.001	0.001	0.964	0.034
0.444	0.188	0.001	0.367
0.001	0.497	0.371	0.131
0.189	0.284	0.050	0.477
0.422	0.001	0.073	0.504
0.829	0.001	0.041	0.129
>ACTCCGCC	10-ACTCCGCC	7.291149	-1313.071553	0	T:22540.0(59.19%),B:13637.1(46.10%),P:1e-570	Tpos:681.1,Tstd:397.5,Bpos:558.4,Bstd:570.7,StrandBias:-0.1,Multiplicity:2.32
0.841	0.001	0.157	0.001
0.212	0.604	0.182	0.002
0.001	0.301	0.001	0.697
0.064	0.934	0.001	0.001
0.001	0.997	0.001	0.001
0.001	0.001	0.997	0.001
0.001	0.997	0.001	0.001
0.001	0.997	0.001	0.001
>CGCCATCT	11-CGCCATCT	8.131859	-1256.767042	0	T:5415.0(14.22%),B:2033.6(6.88%),P:1e-545	Tpos:686.3,Tstd:397.8,Bpos:563.8,Bstd:522.5,StrandBias:-0.2,Multiplicity:1.12
0.001	0.997	0.001	0.001
0.001	0.001	0.997	0.001
0.001	0.997	0.001	0.001
0.001	0.997	0.001	0.001
0.997	0.001	0.001	0.001
0.001	0.001	0.001	0.997
0.053	0.513	0.093	0.341
0.001	0.001	0.001	0.997
>STCCGCTA	12-STCCGCTA	4.449966	-1244.196493	0	T:24549.0(64.46%),B:15328.8(51.82%),P:1e-540	Tpos:688.1,Tstd:430.2,Bpos:557.2,Bstd:549.3,StrandBias:-0.0,Multiplicity:1.74
0.096	0.376	0.451	0.077
0.154	0.078	0.251	0.517
0.279	0.453	0.041	0.227
0.014	0.684	0.234	0.068
0.045	0.068	0.814	0.073
0.147	0.527	0.152	0.174
0.219	0.093	0.165	0.523
0.527	0.166	0.176	0.131
>AAGCGKCG	13-AAGCGKCG	5.988485	-1232.881038	0	T:17818.0(46.79%),B:10190.7(34.45%),P:1e-535	Tpos:693.1,Tstd:447.3,Bpos:560.1,Bstd:536.8,StrandBias:-0.0,Multiplicity:1.42
0.754	0.065	0.100	0.081
0.959	0.039	0.001	0.001
0.059	0.001	0.633	0.307
0.157	0.790	0.052	0.001
0.012	0.001	0.967	0.020
0.251	0.001	0.333	0.415
0.198	0.503	0.001	0.298
0.001	0.133	0.865	0.001
>GCCAATCG	14-GCCAATCG	6.227683	-1183.946598	0	T:10391.0(27.29%),B:5109.0(17.27%),P:1e-514	Tpos:617.2,Tstd:385.7,Bpos:557.4,Bstd:492.6,StrandBias:0.0,Multiplicity:1.42
0.105	0.054	0.804	0.037
0.006	0.982	0.001	0.011
0.016	0.952	0.006	0.026
0.958	0.001	0.010	0.031
0.981	0.001	0.017	0.001
0.012	0.001	0.001	0.986
0.069	0.810	0.095	0.026
0.204	0.092	0.703	0.001
>CTAAGTCG	15-CTAAGTCG	5.481105	-1180.258029	0	T:21251.0(55.80%),B:12841.4(43.41%),P:1e-512	Tpos:695.8,Tstd:438.3,Bpos:556.3,Bstd:531.1,StrandBias:-0.0,Multiplicity:1.57
0.110	0.604	0.285	0.001
0.100	0.024	0.171	0.705
0.642	0.356	0.001	0.001
0.670	0.150	0.179	0.001
0.215	0.249	0.535	0.001
0.157	0.251	0.089	0.503
0.001	0.893	0.060	0.046
0.001	0.001	0.997	0.001
>GCGACTAG	16-GCGACTAG	4.898414	-1176.839901	0	T:18462.0(48.48%),B:10745.4(36.33%),P:1e-511	Tpos:694.4,Tstd:432.5,Bpos:555.8,Bstd:538.8,StrandBias:0.0,Multiplicity:1.55
0.097	0.181	0.633	0.089
0.072	0.725	0.117	0.086
0.082	0.095	0.744	0.079
0.580	0.141	0.195	0.084
0.148	0.555	0.141	0.156
0.091	0.079	0.154	0.676
0.541	0.204	0.133	0.122
0.184	0.178	0.547	0.091
>CGAACKAC	17-CGAACKAC	5.027828	-1158.864275	0	T:19694.0(51.71%),B:11692.0(39.53%),P:1e-503	Tpos:685.6,Tstd:437.2,Bpos:562.2,Bstd:529.0,StrandBias:-0.1,Multiplicity:1.55
0.059	0.892	0.048	0.001
0.095	0.001	0.817	0.087
0.779	0.062	0.045	0.114
0.566	0.297	0.046	0.091
0.090	0.874	0.012	0.024
0.165	0.201	0.265	0.370
0.530	0.038	0.356	0.076
0.042	0.576	0.113	0.269
>KACGGGAA	18-KACGGGAA	5.429935	-1111.147146	0	T:21886.0(57.47%),B:13439.9(45.44%),P:1e-482	Tpos:685.1,Tstd:455.0,Bpos:567.1,Bstd:522.1,StrandBias:0.0,Multiplicity:1.51
0.213	0.065	0.370	0.352
0.716	0.001	0.001	0.282
0.001	0.997	0.001	0.001
0.001	0.001	0.997	0.001
0.191	0.001	0.807	0.001
0.310	0.028	0.661	0.001
0.997	0.001	0.001	0.001
0.738	0.053	0.115	0.094
>TYWGGCGC	19-TYWGGCGC	3.416727	-1073.916428	0	T:20979.0(55.09%),B:12801.0(43.28%),P:1e-466	Tpos:698.1,Tstd:423.7,Bpos:564.0,Bstd:577.8,StrandBias:0.1,Multiplicity:1.58
0.001	0.001	0.014	0.984
0.001	0.514	0.001	0.484
0.499	0.001	0.001	0.499
0.001	0.001	0.997	0.001
0.001	0.001	0.994	0.004
0.001	0.997	0.001	0.001
0.001	0.001	0.997	0.001
0.007	0.991	0.001	0.001
>GGGCGGGA	20-GGGCGGGA	9.165513	-945.798124	0	T:11827.0(31.06%),B:6359.1(21.50%),P:1e-410	Tpos:688.5,Tstd:408.8,Bpos:564.9,Bstd:571.0,StrandBias:0.0,Multiplicity:1.34
0.149	0.001	0.849	0.001
0.001	0.001	0.997	0.001
0.001	0.001	0.997	0.001
0.001	0.997	0.001	0.001
0.001	0.001	0.997	0.001
0.001	0.001	0.997	0.001
0.001	0.001	0.997	0.001
0.997	0.001	0.001	0.001
>CGAGTAAA	21-CGAGTAAA	5.756011	-880.068881	0	T:12863.0(33.78%),B:7168.4(24.24%),P:1e-382	Tpos:673.6,Tstd:482.1,Bpos:562.7,Bstd:507.9,StrandBias:0.1,Multiplicity:1.20
0.001	0.910	0.023	0.066
0.001	0.001	0.997	0.001
0.939	0.001	0.001	0.059
0.081	0.007	0.895	0.017
0.001	0.057	0.151	0.791
0.707	0.162	0.092	0.039
0.997	0.001	0.001	0.001
0.788	0.210	0.001	0.001
>YACGTGAT	22-YACGTGAT	6.884634	-792.111723	0	T:6662.0(17.49%),B:3166.5(10.71%),P:1e-344	Tpos:662.5,Tstd:436.3,Bpos:560.5,Bstd:475.7,StrandBias:-0.0,Multiplicity:1.13
0.004	0.429	0.001	0.566
0.860	0.077	0.001	0.062
0.001	0.997	0.001	0.001
0.001	0.001	0.997	0.001
0.029	0.064	0.001	0.906
0.001	0.290	0.617	0.092
0.619	0.001	0.241	0.139
0.001	0.210	0.001	0.788
>CACTTCCT	23-CACTTCCT	6.610564	-705.525136	0	T:8884.0(23.33%),B:4709.8(15.92%),P:1e-306	Tpos:635.7,Tstd:470.3,Bpos:565.2,Bstd:438.6,StrandBias:-0.1,Multiplicity:1.17
0.199	0.558	0.110	0.133
0.997	0.001	0.001	0.001
0.001	0.997	0.001	0.001
0.001	0.001	0.001	0.997
0.001	0.001	0.001	0.997
0.001	0.997	0.001	0.001
0.001	0.940	0.058	0.001
0.001	0.001	0.001	0.997
>CGTTGCAA	24-CGTTGCAA	6.937559	-587.752332	0	T:4547.0(11.94%),B:2085.5(7.05%),P:1e-255	Tpos:644.2,Tstd:453.3,Bpos:553.1,Bstd:475.2,StrandBias:-0.1,Multiplicity:1.07
0.001	0.866	0.001	0.132
0.001	0.024	0.974	0.001
0.001	0.034	0.001	0.964
0.035	0.001	0.192	0.772
0.001	0.065	0.933	0.001
0.037	0.961	0.001	0.001
0.755	0.131	0.008	0.106
0.816	0.001	0.048	0.135
>AGTTGTAG	25-AGTTGTAG	8.796296	-291.875769	0	T:1281.0(3.36%),B:472.7(1.60%),P:1e-126	Tpos:625.2,Tstd:399.5,Bpos:559.0,Bstd:431.6,StrandBias:0.0,Multiplicity:1.07
0.997	0.001	0.001	0.001
0.001	0.001	0.997	0.001
0.001	0.001	0.001	0.997
0.001	0.103	0.001	0.895
0.001	0.001	0.997	0.001
0.001	0.001	0.001	0.997
0.997	0.001	0.001	0.001
0.001	0.001	0.997	0.001
