>GCCCCGCCCCCT	1-GCCCCGCCCCCT	9.186901	-2290.904586	0	T:16666.0(43.76%),B:8150.7(27.56%),P:1e-994	Tpos:651.6,Tstd:379.6,Bpos:554.4,Bstd:560.8,StrandBias:-0.1,Multiplicity:1.82
0.020	0.001	0.761	0.218
0.060	0.562	0.039	0.339
0.158	0.612	0.001	0.229
0.127	0.871	0.001	0.001
0.001	0.997	0.001	0.001
0.001	0.001	0.997	0.001
0.001	0.997	0.001	0.001
0.001	0.997	0.001	0.001
0.001	0.751	0.001	0.247
0.172	0.656	0.001	0.171
0.086	0.545	0.001	0.368
0.156	0.228	0.227	0.388
>CGBCACTTCCGG	2-CGBCACTTCCGG	7.281230	-1802.384321	0	T:13119.0(34.45%),B:6247.5(21.12%),P:1e-782	Tpos:658.7,Tstd:395.2,Bpos:555.3,Bstd:517.3,StrandBias:-0.1,Multiplicity:1.37
0.195	0.562	0.164	0.079
0.106	0.275	0.491	0.128
0.087	0.303	0.261	0.349
0.034	0.551	0.269	0.146
0.931	0.001	0.031	0.037
0.001	0.969	0.001	0.029
0.033	0.092	0.026	0.849
0.001	0.001	0.016	0.982
0.001	0.997	0.001	0.001
0.001	0.997	0.001	0.001
0.001	0.006	0.917	0.076
0.001	0.278	0.708	0.013
>VNTTMCGCTTNN	3-VNTTMCGCTTNN	4.660611	-1654.224645	0	T:22732.0(59.69%),B:13313.4(45.01%),P:1e-718	Tpos:664.9,Tstd:456.6,Bpos:565.1,Bstd:509.6,StrandBias:-0.0,Multiplicity:1.62
0.331	0.190	0.325	0.154
0.243	0.208	0.275	0.274
0.206	0.048	0.146	0.600
0.148	0.087	0.107	0.658
0.409	0.325	0.068	0.199
0.053	0.755	0.167	0.025
0.022	0.014	0.898	0.066
0.225	0.617	0.053	0.105
0.111	0.092	0.226	0.571
0.322	0.075	0.051	0.552
0.234	0.277	0.311	0.177
0.259	0.214	0.335	0.192
>BTGCGCATGCGC	4-BTGCGCATGCGC	10.167744	-1651.883948	0	T:5317.0(13.96%),B:1744.6(5.90%),P:1e-717	Tpos:655.1,Tstd:337.8,Bpos:559.1,Bstd:570.7,StrandBias:-0.0,Multiplicity:1.30
0.174	0.332	0.306	0.187
0.045	0.286	0.125	0.544
0.146	0.001	0.852	0.001
0.045	0.953	0.001	0.001
0.011	0.016	0.972	0.001
0.001	0.997	0.001	0.001
0.664	0.193	0.096	0.047
0.001	0.087	0.155	0.757
0.001	0.001	0.997	0.001
0.001	0.964	0.001	0.034
0.001	0.028	0.853	0.118
0.001	0.773	0.023	0.203
>CGCTTCCGGTTT	5-CGCTTCCGGTTT	6.517702	-1637.133993	0	T:22485.0(59.04%),B:13144.5(44.44%),P:1e-710	Tpos:678.2,Tstd:456.9,Bpos:551.8,Bstd:517.8,StrandBias:0.0,Multiplicity:1.65
0.100	0.700	0.100	0.100
0.100	0.100	0.700	0.100
0.100	0.700	0.100	0.100
0.100	0.100	0.100	0.700
0.100	0.100	0.100	0.700
0.100	0.700	0.100	0.100
0.100	0.700	0.100	0.100
0.100	0.100	0.700	0.100
0.100	0.100	0.700	0.100
0.100	0.100	0.100	0.700
0.100	0.100	0.100	0.700
0.100	0.100	0.100	0.700
>CAARATGGCGGC	6-CAARATGGCGGC	9.521394	-1595.209999	0	T:4256.0(11.18%),B:1250.3(4.23%),P:1e-692	Tpos:689.0,Tstd:374.5,Bpos:567.4,Bstd:519.4,StrandBias:0.3,Multiplicity:1.13
0.189	0.442	0.277	0.092
0.911	0.001	0.087	0.001
0.997	0.001	0.001	0.001
0.306	0.245	0.448	0.001
0.997	0.001	0.001	0.001
0.001	0.026	0.028	0.945
0.001	0.001	0.997	0.001
0.001	0.001	0.997	0.001
0.001	0.979	0.001	0.019
0.045	0.067	0.834	0.054
0.074	0.200	0.725	0.001
0.205	0.644	0.054	0.097
>NATMTCGCGANN	7-NATMTCGCGANN	4.623263	-1594.584276	0	T:19574.0(51.40%),B:10996.5(37.18%),P:1e-692	Tpos:684.6,Tstd:428.1,Bpos:556.3,Bstd:553.5,StrandBias:-0.0,Multiplicity:1.63
0.322	0.209	0.209	0.260
0.405	0.195	0.202	0.198
0.100	0.080	0.108	0.712
0.380	0.365	0.137	0.117
0.211	0.122	0.138	0.529
0.173	0.593	0.108	0.126
0.105	0.102	0.645	0.148
0.130	0.793	0.021	0.056
0.082	0.074	0.654	0.190
0.515	0.297	0.046	0.142
0.232	0.337	0.220	0.211
0.249	0.297	0.245	0.208
>SYGATTGGYYRV	8-SYGATTGGYYRV	3.460007	-1275.231083	0	T:10917.0(28.67%),B:5350.5(18.09%),P:1e-553	Tpos:617.3,Tstd:397.2,Bpos:557.2,Bstd:498.0,StrandBias:0.0,Multiplicity:1.39
0.143	0.364	0.284	0.209
0.001	0.370	0.212	0.416
0.001	0.001	0.659	0.339
0.997	0.001	0.001	0.001
0.001	0.001	0.001	0.997
0.001	0.001	0.001	0.997
0.001	0.001	0.997	0.001
0.001	0.001	0.997	0.001
0.248	0.425	0.001	0.326
0.001	0.537	0.001	0.461
0.395	0.221	0.383	0.001
0.249	0.258	0.352	0.141
>GGGAATTGTAGT	9-GGGAATTGTAGT	10.285075	-1180.457965	0	T:2234.0(5.87%),B:515.9(1.74%),P:1e-512	Tpos:579.3,Tstd:322.0,Bpos:569.4,Bstd:506.3,StrandBias:-0.1,Multiplicity:1.31
0.039	0.025	0.913	0.023
0.023	0.002	0.964	0.011
0.036	0.006	0.931	0.027
0.787	0.042	0.080	0.091
0.560	0.065	0.305	0.070
0.212	0.129	0.179	0.480
0.021	0.146	0.031	0.802
0.020	0.007	0.943	0.030
0.029	0.051	0.071	0.849
0.902	0.010	0.070	0.018
0.007	0.030	0.954	0.009
0.006	0.035	0.043	0.916
>GKAACGGCCGDM	10-GKAACGGCCGDM	4.555984	-1115.076573	0	T:23163.0(60.82%),B:14430.3(48.79%),P:1e-484	Tpos:689.8,Tstd:443.3,Bpos:558.6,Bstd:550.3,StrandBias:-0.0,Multiplicity:1.83
0.227	0.212	0.410	0.152
0.159	0.178	0.333	0.330
0.742	0.021	0.091	0.146
0.557	0.121	0.065	0.257
0.070	0.694	0.047	0.189
0.101	0.239	0.563	0.097
0.196	0.115	0.543	0.146
0.206	0.408	0.150	0.236
0.037	0.634	0.230	0.099
0.074	0.114	0.632	0.180
0.331	0.150	0.203	0.316
0.357	0.242	0.206	0.195
>NHGCGTAGTRNV	11-NHGCGTAGTRNV	4.649406	-1038.506532	0	T:19449.0(51.07%),B:11695.7(39.54%),P:1e-451	Tpos:685.7,Tstd:436.8,Bpos:562.0,Bstd:531.4,StrandBias:0.1,Multiplicity:1.50
0.240	0.254	0.273	0.233
0.249	0.355	0.174	0.223
0.216	0.100	0.521	0.163
0.046	0.785	0.047	0.122
0.120	0.088	0.730	0.062
0.113	0.085	0.079	0.723
0.721	0.144	0.031	0.104
0.141	0.131	0.510	0.218
0.121	0.273	0.047	0.559
0.259	0.202	0.383	0.156
0.193	0.285	0.284	0.237
0.269	0.222	0.331	0.178
>ACGAAAAGCGCG	12-ACGAAAAGCGCG	6.517702	-970.295574	0	T:17248.0(45.29%),B:10168.5(34.38%),P:1e-421	Tpos:701.1,Tstd:446.1,Bpos:565.1,Bstd:541.5,StrandBias:-0.1,Multiplicity:1.36
0.700	0.100	0.100	0.100
0.100	0.700	0.100	0.100
0.100	0.100	0.700	0.100
0.700	0.100	0.100	0.100
0.700	0.100	0.100	0.100
0.700	0.100	0.100	0.100
0.700	0.100	0.100	0.100
0.100	0.100	0.700	0.100
0.100	0.700	0.100	0.100
0.100	0.100	0.700	0.100
0.100	0.700	0.100	0.100
0.100	0.100	0.700	0.100
>TTCCGTTAACGG	13-TTCCGTTAACGG	6.517702	-896.138340	0	T:9996.0(26.25%),B:5192.1(17.55%),P:1e-389	Tpos:660.8,Tstd:476.7,Bpos:569.4,Bstd:485.7,StrandBias:-0.0,Multiplicity:1.14
0.100	0.100	0.100	0.700
0.100	0.100	0.100	0.700
0.100	0.700	0.100	0.100
0.100	0.700	0.100	0.100
0.100	0.100	0.700	0.100
0.100	0.100	0.100	0.700
0.100	0.100	0.100	0.700
0.700	0.100	0.100	0.100
0.700	0.100	0.100	0.100
0.100	0.700	0.100	0.100
0.100	0.100	0.700	0.100
0.100	0.100	0.700	0.100
>TTTCCGGCCGGA	14-TTTCCGGCCGGA	6.517702	-895.380802	0	T:21700.0(56.98%),B:13659.4(46.18%),P:1e-388	Tpos:694.1,Tstd:445.8,Bpos:559.9,Bstd:547.2,StrandBias:0.1,Multiplicity:1.60
0.100	0.100	0.100	0.700
0.100	0.100	0.100	0.700
0.100	0.100	0.100	0.700
0.100	0.700	0.100	0.100
0.100	0.700	0.100	0.100
0.100	0.100	0.700	0.100
0.100	0.100	0.700	0.100
0.100	0.700	0.100	0.100
0.100	0.700	0.100	0.100
0.100	0.100	0.700	0.100
0.100	0.100	0.700	0.100
0.700	0.100	0.100	0.100
>NDAAGTCGBCBN	15-NDAAGTCGBCBN	4.628485	-884.729727	0	T:20805.0(54.63%),B:12987.6(43.91%),P:1e-384	Tpos:678.7,Tstd:444.9,Bpos:558.5,Bstd:533.6,StrandBias:-0.0,Multiplicity:1.54
0.298	0.270	0.214	0.218
0.242	0.136	0.247	0.376
0.626	0.122	0.073	0.179
0.529	0.191	0.122	0.158
0.158	0.104	0.450	0.289
0.088	0.116	0.062	0.734
0.113	0.699	0.087	0.101
0.043	0.103	0.817	0.037
0.168	0.353	0.225	0.254
0.090	0.575	0.180	0.155
0.120	0.254	0.299	0.327
0.279	0.303	0.155	0.263
>YGCGTTCGAAKD	16-YGCGTTCGAAKD	-0.293353	-856.448744	0	T:8887.0(23.34%),B:4512.8(15.26%),P:1e-371	Tpos:663.1,Tstd:452.6,Bpos:555.2,Bstd:519.8,StrandBias:0.1,Multiplicity:1.15
0.158	0.381	0.074	0.388
0.010	0.180	0.715	0.095
0.001	0.997	0.001	0.001
0.001	0.001	0.997	0.001
0.001	0.001	0.001	0.997
0.052	0.001	0.001	0.946
0.001	0.997	0.001	0.001
0.001	0.001	0.997	0.001
0.935	0.001	0.001	0.063
0.997	0.001	0.001	0.001
0.126	0.001	0.493	0.380
0.355	0.063	0.244	0.337
>GGGCGGAGTTTA	17-GGGCGGAGTTTA	7.408017	-837.869803	0	T:10538.0(27.67%),B:5633.0(19.04%),P:1e-363	Tpos:690.2,Tstd:451.0,Bpos:550.8,Bstd:484.3,StrandBias:0.1,Multiplicity:1.19
0.060	0.015	0.893	0.032
0.046	0.033	0.893	0.028
0.030	0.046	0.905	0.019
0.090	0.779	0.040	0.091
0.047	0.028	0.889	0.036
0.016	0.031	0.952	0.001
0.704	0.031	0.179	0.086
0.017	0.044	0.924	0.015
0.042	0.052	0.043	0.863
0.010	0.055	0.043	0.892
0.081	0.050	0.215	0.654
0.653	0.124	0.151	0.072
>CGGTCACGTGAC	18-CGGTCACGTGAC	-5.417407	-709.101870	0	T:17164.0(45.07%),B:10561.5(35.71%),P:1e-307	Tpos:675.0,Tstd:439.2,Bpos:561.5,Bstd:501.5,StrandBias:-0.0,Multiplicity:1.51
0.001	0.723	0.231	0.045
0.058	0.271	0.670	0.001
0.001	0.001	0.997	0.001
0.001	0.001	0.001	0.997
0.001	0.997	0.001	0.001
0.997	0.001	0.001	0.001
0.001	0.997	0.001	0.001
0.001	0.001	0.997	0.001
0.001	0.001	0.001	0.997
0.001	0.001	0.997	0.001
0.997	0.001	0.001	0.001
0.001	0.997	0.001	0.001
>CCACYAGRGGGC	19-CCACYAGRGGGC	10.744775	-633.167357	0	T:2067.0(5.43%),B:666.6(2.25%),P:1e-274	Tpos:450.8,Tstd:374.7,Bpos:580.5,Bstd:427.5,StrandBias:0.1,Multiplicity:1.04
0.125	0.771	0.035	0.069
0.010	0.988	0.001	0.001
0.941	0.027	0.014	0.018
0.005	0.731	0.213	0.051
0.099	0.408	0.001	0.491
0.929	0.001	0.069	0.001
0.001	0.001	0.997	0.001
0.466	0.001	0.532	0.001
0.001	0.001	0.641	0.357
0.004	0.001	0.994	0.001
0.001	0.066	0.775	0.158
0.164	0.817	0.018	0.001
>GCGTTACGGAGG	20-GCGTTACGGAGG	6.517702	-600.644898	0	T:20671.0(54.28%),B:13441.4(45.44%),P:1e-260	Tpos:701.3,Tstd:450.9,Bpos:557.7,Bstd:523.8,StrandBias:0.0,Multiplicity:1.46
0.100	0.100	0.700	0.100
0.100	0.700	0.100	0.100
0.100	0.100	0.700	0.100
0.100	0.100	0.100	0.700
0.100	0.100	0.100	0.700
0.700	0.100	0.100	0.100
0.100	0.700	0.100	0.100
0.100	0.100	0.700	0.100
0.100	0.100	0.700	0.100
0.700	0.100	0.100	0.100
0.100	0.100	0.700	0.100
0.100	0.100	0.700	0.100
>TTAATGATTAAC	21-TTAATGATTAAC	2.539324	-334.572499	0	T:22595.0(59.33%),B:15611.2(52.78%),P:1e-145	Tpos:586.6,Tstd:489.1,Bpos:559.8,Bstd:422.9,StrandBias:-0.0,Multiplicity:2.14
0.037	0.058	0.028	0.877
0.054	0.049	0.076	0.821
0.940	0.016	0.028	0.016
0.858	0.091	0.008	0.043
0.040	0.010	0.062	0.888
0.131	0.119	0.581	0.169
0.826	0.058	0.034	0.082
0.055	0.025	0.095	0.825
0.037	0.043	0.014	0.906
0.810	0.054	0.052	0.084
0.894	0.035	0.017	0.054
0.087	0.773	0.018	0.122
>CTTAGCAACCGG	22-CTTAGCAACCGG	9.888736	-296.866351	0	T:1205.0(3.16%),B:429.4(1.45%),P:1e-128	Tpos:627.3,Tstd:408.9,Bpos:557.0,Bstd:431.2,StrandBias:-0.0,Multiplicity:1.04
0.007	0.955	0.024	0.014
0.099	0.135	0.001	0.765
0.024	0.119	0.107	0.750
0.827	0.071	0.100	0.002
0.003	0.001	0.995	0.001
0.060	0.856	0.083	0.001
0.862	0.037	0.100	0.001
0.624	0.162	0.174	0.040
0.051	0.947	0.001	0.001
0.195	0.750	0.001	0.054
0.110	0.010	0.810	0.070
0.006	0.076	0.851	0.067
>AAAGAGCCTTTG	23-AAAGAGCCTTTG	10.079824	-218.003165	0	T:209.0(0.55%),B:25.4(0.09%),P:1e-94	Tpos:835.0,Tstd:597.0,Bpos:600.8,Bstd:347.0,StrandBias:-0.2,Multiplicity:1.13
0.597	0.001	0.003	0.399
0.842	0.001	0.001	0.156
0.997	0.001	0.001	0.001
0.001	0.001	0.997	0.001
0.997	0.001	0.001	0.001
0.001	0.001	0.997	0.001
0.001	0.997	0.001	0.001
0.001	0.997	0.001	0.001
0.001	0.019	0.001	0.979
0.001	0.001	0.001	0.997
0.001	0.001	0.001	0.997
0.409	0.001	0.589	0.001
>GTATATAAGGCG	24-GTATATAAGGCG	12.525678	-190.311424	0	T:64.0(0.17%),B:0.8(0.00%),P:1e-82	Tpos:772.9,Tstd:340.1,Bpos:972.9,Bstd:72.3,StrandBias:1.0,Multiplicity:1.00
0.001	0.001	0.997	0.001
0.001	0.001	0.001	0.997
0.997	0.001	0.001	0.001
0.001	0.084	0.001	0.914
0.997	0.001	0.001	0.001
0.001	0.084	0.001	0.914
0.834	0.001	0.001	0.164
0.834	0.001	0.164	0.001
0.001	0.197	0.801	0.001
0.001	0.248	0.750	0.001
0.179	0.636	0.001	0.184
0.001	0.184	0.814	0.001
>AGGTTGGGCGCG	25-AGGTTGGGCGCG	13.355765	-126.897415	0	T:119.0(0.31%),B:15.0(0.05%),P:1e-55	Tpos:776.8,Tstd:437.5,Bpos:518.2,Bstd:229.6,StrandBias:-0.2,Multiplicity:1.00
0.749	0.249	0.001	0.001
0.001	0.001	0.997	0.001
0.001	0.001	0.997	0.001
0.001	0.001	0.001	0.997
0.019	0.001	0.135	0.845
0.001	0.062	0.775	0.162
0.001	0.001	0.997	0.001
0.250	0.001	0.743	0.006
0.001	0.936	0.001	0.062
0.062	0.001	0.936	0.001
0.001	0.997	0.001	0.001
0.249	0.001	0.749	0.001
