>NBTTYCGSNN	1-NBTTYCGSNN	6.790625	-2956.801197	0	T:19487.0(51.17%),B:9498.8(32.11%),P:1e-1284	Tpos:658.8,Tstd:400.6,Bpos:555.1,Bstd:531.6,StrandBias:0.0,Multiplicity:1.71
0.316	0.196	0.305	0.183
0.019	0.395	0.266	0.321
0.001	0.001	0.001	0.997
0.001	0.001	0.001	0.997
0.138	0.412	0.001	0.449
0.001	0.997	0.001	0.001
0.001	0.001	0.997	0.001
0.034	0.370	0.414	0.182
0.187	0.330	0.230	0.252
0.283	0.275	0.188	0.254
>RGGGCGGGRC	2-RGGGCGGGRC	8.710550	-2258.656901	0	T:18744.0(49.22%),B:9635.8(32.58%),P:1e-980	Tpos:657.4,Tstd:383.6,Bpos:552.5,Bstd:565.9,StrandBias:0.1,Multiplicity:2.02
0.466	0.001	0.356	0.177
0.255	0.037	0.680	0.028
0.001	0.001	0.991	0.007
0.001	0.001	0.984	0.014
0.001	0.997	0.001	0.001
0.001	0.001	0.997	0.001
0.025	0.028	0.890	0.057
0.108	0.001	0.762	0.129
0.443	0.130	0.349	0.077
0.127	0.735	0.001	0.137
>TKACGTAACB	3-TKACGTAACB	5.579314	-1944.728396	0	T:10966.0(28.80%),B:4752.0(16.07%),P:1e-844	Tpos:660.6,Tstd:424.3,Bpos:574.3,Bstd:498.5,StrandBias:-0.0,Multiplicity:1.30
0.065	0.196	0.109	0.630
0.056	0.200	0.310	0.434
0.563	0.066	0.272	0.099
0.009	0.969	0.013	0.009
0.018	0.013	0.957	0.012
0.124	0.249	0.075	0.552
0.451	0.283	0.226	0.040
0.763	0.055	0.119	0.063
0.164	0.488	0.166	0.182
0.157	0.246	0.326	0.271
>TTACGTCCGS	4-TTACGTCCGS	5.106215	-1872.964521	0	T:15841.0(41.60%),B:8003.2(27.06%),P:1e-813	Tpos:692.1,Tstd:436.3,Bpos:565.7,Bstd:552.8,StrandBias:0.0,Multiplicity:1.33
0.112	0.128	0.152	0.608
0.246	0.143	0.071	0.540
0.429	0.209	0.220	0.143
0.207	0.536	0.152	0.105
0.148	0.114	0.628	0.110
0.220	0.180	0.153	0.447
0.083	0.541	0.115	0.261
0.090	0.656	0.162	0.092
0.040	0.140	0.714	0.106
0.049	0.502	0.387	0.062
>SCGGTTACBN	5-SCGGTTACBN	5.297344	-1703.362950	0	T:17321.0(45.48%),B:9227.6(31.20%),P:1e-739	Tpos:686.9,Tstd:435.2,Bpos:563.5,Bstd:536.8,StrandBias:-0.0,Multiplicity:1.43
0.159	0.412	0.338	0.091
0.045	0.794	0.153	0.008
0.008	0.263	0.716	0.013
0.005	0.188	0.756	0.051
0.125	0.154	0.022	0.699
0.315	0.091	0.066	0.528
0.666	0.054	0.211	0.069
0.142	0.499	0.247	0.112
0.050	0.254	0.334	0.361
0.285	0.248	0.201	0.266
>TTCGBCGCTW	6-TTCGBCGCTW	5.700905	-1670.327698	0	T:18376.0(48.25%),B:10024.4(33.89%),P:1e-725	Tpos:696.1,Tstd:430.4,Bpos:561.4,Bstd:541.2,StrandBias:0.0,Multiplicity:1.56
0.167	0.233	0.001	0.599
0.005	0.300	0.128	0.567
0.001	0.994	0.004	0.001
0.003	0.151	0.765	0.081
0.064	0.313	0.350	0.272
0.154	0.476	0.186	0.183
0.200	0.197	0.473	0.130
0.001	0.771	0.001	0.227
0.152	0.078	0.223	0.547
0.396	0.098	0.120	0.386
>TGCGCATGCG	7-TGCGCATGCG	8.775020	-1567.190897	0	T:5301.0(13.92%),B:1782.8(6.03%),P:1e-680	Tpos:645.9,Tstd:334.4,Bpos:558.5,Bstd:547.4,StrandBias:-0.0,Multiplicity:1.31
0.069	0.275	0.097	0.559
0.213	0.043	0.687	0.057
0.039	0.922	0.032	0.007
0.011	0.005	0.965	0.019
0.040	0.855	0.054	0.051
0.772	0.085	0.063	0.080
0.079	0.076	0.191	0.654
0.099	0.040	0.821	0.040
0.053	0.894	0.010	0.043
0.023	0.048	0.872	0.057
>CCGCCATYTT	8-CCGCCATYTT	8.157425	-1542.737910	0	T:4930.0(12.95%),B:1606.3(5.43%),P:1e-669	Tpos:689.9,Tstd:385.9,Bpos:562.1,Bstd:528.3,StrandBias:-0.2,Multiplicity:1.15
0.001	0.869	0.110	0.020
0.001	0.975	0.023	0.001
0.011	0.011	0.966	0.012
0.007	0.986	0.001	0.006
0.013	0.981	0.001	0.005
0.973	0.021	0.005	0.001
0.001	0.001	0.001	0.997
0.030	0.337	0.207	0.426
0.002	0.001	0.008	0.989
0.025	0.013	0.001	0.961
>TTGCGCAATA	9-TTGCGCAATA	4.691577	-1510.046978	0	T:22147.0(58.15%),B:13053.3(44.13%),P:1e-655	Tpos:662.9,Tstd:459.7,Bpos:570.6,Bstd:528.5,StrandBias:0.0,Multiplicity:1.47
0.054	0.155	0.150	0.641
0.083	0.077	0.016	0.824
0.128	0.106	0.638	0.128
0.028	0.920	0.030	0.022
0.014	0.016	0.964	0.006
0.256	0.509	0.162	0.073
0.898	0.042	0.051	0.009
0.605	0.167	0.159	0.069
0.098	0.108	0.146	0.648
0.439	0.230	0.169	0.162
>TAACTCCGCC	10-TAACTCCGCC	5.835895	-1495.204216	0	T:23486.0(61.67%),B:14117.6(47.73%),P:1e-649	Tpos:704.3,Tstd:423.4,Bpos:566.0,Bstd:566.8,StrandBias:-0.2,Multiplicity:1.75
0.234	0.165	0.068	0.533
0.440	0.148	0.178	0.235
0.412	0.115	0.241	0.231
0.200	0.616	0.159	0.025
0.125	0.077	0.239	0.559
0.163	0.510	0.203	0.124
0.001	0.937	0.061	0.001
0.002	0.001	0.978	0.019
0.086	0.601	0.119	0.194
0.202	0.777	0.003	0.018
>WWTCGCGCGA	11-WWTCGCGCGA	6.207273	-1446.648217	0	T:12038.0(31.61%),B:5899.2(19.94%),P:1e-628	Tpos:703.9,Tstd:421.2,Bpos:566.8,Bstd:557.3,StrandBias:0.0,Multiplicity:1.35
0.252	0.179	0.172	0.397
0.367	0.150	0.216	0.267
0.085	0.140	0.035	0.740
0.152	0.666	0.181	0.001
0.074	0.109	0.540	0.277
0.001	0.987	0.011	0.001
0.001	0.001	0.997	0.001
0.248	0.651	0.096	0.005
0.001	0.201	0.797	0.001
0.820	0.001	0.178	0.001
>YGATTGGHBV	12-YGATTGGHBV	6.577763	-1341.758947	0	T:11093.0(29.13%),B:5393.7(18.24%),P:1e-582	Tpos:618.6,Tstd:388.5,Bpos:556.1,Bstd:500.5,StrandBias:-0.0,Multiplicity:1.47
0.086	0.431	0.158	0.325
0.099	0.146	0.566	0.189
0.729	0.001	0.269	0.001
0.001	0.084	0.001	0.914
0.001	0.225	0.001	0.773
0.128	0.001	0.862	0.009
0.001	0.001	0.997	0.001
0.230	0.342	0.149	0.279
0.107	0.326	0.209	0.357
0.337	0.231	0.297	0.135
>CGACTAGCGA	13-CGACTAGCGA	4.766163	-1339.694121	0	T:20913.0(54.91%),B:12346.2(41.74%),P:1e-581	Tpos:712.9,Tstd:443.8,Bpos:558.5,Bstd:558.8,StrandBias:0.0,Multiplicity:1.69
0.102	0.721	0.103	0.074
0.110	0.103	0.706	0.081
0.680	0.109	0.113	0.098
0.096	0.710	0.107	0.087
0.092	0.088	0.096	0.724
0.662	0.141	0.095	0.102
0.111	0.103	0.704	0.082
0.095	0.729	0.099	0.077
0.107	0.092	0.709	0.092
0.655	0.123	0.112	0.110
>TAGYCHCGCC	14-TAGYCHCGCC	5.480872	-1245.494153	0	T:23688.0(62.20%),B:14640.8(49.50%),P:1e-540	Tpos:687.5,Tstd:452.8,Bpos:567.0,Bstd:537.6,StrandBias:-0.0,Multiplicity:1.60
0.028	0.001	0.001	0.970
0.661	0.001	0.001	0.337
0.019	0.279	0.554	0.148
0.145	0.335	0.184	0.335
0.272	0.526	0.201	0.001
0.361	0.322	0.029	0.289
0.001	0.997	0.001	0.001
0.001	0.001	0.997	0.001
0.100	0.481	0.230	0.189
0.001	0.499	0.165	0.336
>CGTTCCGTTT	15-CGTTCCGTTT	6.581918	-1242.706550	0	T:10942.0(28.73%),B:5402.8(18.27%),P:1e-539	Tpos:681.8,Tstd:462.4,Bpos:561.7,Bstd:501.1,StrandBias:-0.0,Multiplicity:1.25
0.099	0.767	0.068	0.066
0.038	0.070	0.812	0.080
0.061	0.063	0.061	0.815
0.071	0.068	0.088	0.773
0.044	0.799	0.059	0.098
0.107	0.779	0.067	0.047
0.030	0.091	0.835	0.044
0.060	0.074	0.079	0.787
0.044	0.081	0.055	0.820
0.055	0.078	0.055	0.812
>CGACCGAAGT	16-CGACCGAAGT	5.512113	-1228.885944	0	T:14614.0(38.37%),B:7904.3(26.72%),P:1e-533	Tpos:686.9,Tstd:442.0,Bpos:562.6,Bstd:535.0,StrandBias:-0.0,Multiplicity:1.33
0.082	0.796	0.059	0.063
0.097	0.031	0.815	0.057
0.771	0.088	0.070	0.071
0.050	0.852	0.073	0.025
0.048	0.839	0.087	0.026
0.052	0.045	0.861	0.042
0.735	0.079	0.106	0.080
0.844	0.049	0.077	0.030
0.075	0.064	0.796	0.065
0.117	0.079	0.113	0.691
>GAAACGAACG	17-GAAACGAACG	4.947459	-1216.134213	0	T:18502.0(48.58%),B:10717.5(36.23%),P:1e-528	Tpos:682.0,Tstd:468.9,Bpos:558.8,Bstd:502.7,StrandBias:-0.0,Multiplicity:1.39
0.130	0.085	0.676	0.109
0.658	0.115	0.114	0.113
0.745	0.080	0.087	0.088
0.684	0.079	0.129	0.108
0.105	0.724	0.080	0.091
0.087	0.118	0.706	0.089
0.696	0.096	0.112	0.096
0.666	0.112	0.127	0.095
0.109	0.733	0.088	0.070
0.087	0.098	0.712	0.103
>AGACTACGCG	18-AGACTACGCG	5.976163	-1205.980510	0	T:12631.0(33.17%),B:6569.4(22.21%),P:1e-523	Tpos:687.8,Tstd:438.8,Bpos:564.7,Bstd:530.7,StrandBias:-0.0,Multiplicity:1.30
0.656	0.117	0.104	0.123
0.122	0.127	0.645	0.106
0.656	0.117	0.114	0.113
0.093	0.677	0.117	0.113
0.116	0.043	0.103	0.738
0.655	0.116	0.117	0.112
0.110	0.697	0.122	0.071
0.068	0.097	0.740	0.095
0.067	0.783	0.089	0.061
0.055	0.114	0.751	0.080
>CGAAGCGTTA	19-CGAAGCGTTA	4.762674	-1162.360209	0	T:21710.0(57.01%),B:13222.1(44.70%),P:1e-504	Tpos:697.0,Tstd:450.0,Bpos:557.4,Bstd:528.0,StrandBias:-0.1,Multiplicity:1.59
0.099	0.706	0.118	0.077
0.088	0.085	0.751	0.076
0.653	0.126	0.132	0.089
0.691	0.111	0.103	0.095
0.100	0.111	0.696	0.093
0.102	0.718	0.090	0.090
0.076	0.104	0.739	0.081
0.113	0.110	0.107	0.670
0.105	0.133	0.082	0.680
0.698	0.092	0.099	0.111
>TAAAGCGCGG	20-TAAAGCGCGG	5.635500	-1128.660150	0	T:14157.0(37.17%),B:7718.1(26.09%),P:1e-490	Tpos:707.3,Tstd:438.7,Bpos:564.1,Bstd:579.7,StrandBias:-0.1,Multiplicity:1.34
0.151	0.131	0.136	0.582
0.594	0.126	0.122	0.158
0.587	0.131	0.151	0.131
0.565	0.149	0.149	0.137
0.137	0.148	0.580	0.135
0.129	0.618	0.132	0.121
0.108	0.131	0.638	0.123
0.118	0.663	0.122	0.097
0.113	0.156	0.615	0.116
0.135	0.166	0.557	0.142
>AATACCGCGC	21-AATACCGCGC	6.178414	-1094.261362	0	T:12267.0(32.21%),B:6462.7(21.85%),P:1e-475	Tpos:681.8,Tstd:431.8,Bpos:550.7,Bstd:536.6,StrandBias:-0.1,Multiplicity:1.21
0.819	0.056	0.082	0.043
0.845	0.047	0.084	0.024
0.065	0.079	0.097	0.759
0.777	0.090	0.061	0.072
0.037	0.838	0.080	0.045
0.078	0.810	0.044	0.068
0.051	0.041	0.825	0.083
0.035	0.817	0.065	0.083
0.045	0.128	0.743	0.084
0.075	0.767	0.053	0.105
>GAATTGTAGT	22-GAATTGTAGT	7.371619	-911.536523	0	T:2662.0(6.99%),B:812.2(2.75%),P:1e-395	Tpos:584.6,Tstd:358.6,Bpos:560.3,Bstd:480.8,StrandBias:-0.1,Multiplicity:1.21
0.001	0.001	0.997	0.001
0.949	0.006	0.024	0.021
0.566	0.034	0.320	0.080
0.113	0.080	0.083	0.724
0.013	0.051	0.005	0.931
0.013	0.001	0.985	0.001
0.001	0.017	0.007	0.975
0.991	0.003	0.001	0.005
0.001	0.022	0.976	0.001
0.001	0.008	0.001	0.990
>CCTTTTCCGG	23-CCTTTTCCGG	6.971077	-891.182093	0	T:8190.0(21.51%),B:4020.5(13.59%),P:1e-387	Tpos:683.5,Tstd:465.1,Bpos:566.7,Bstd:496.5,StrandBias:-0.0,Multiplicity:1.13
0.111	0.750	0.096	0.043
0.049	0.848	0.020	0.083
0.007	0.068	0.001	0.924
0.018	0.015	0.001	0.966
0.020	0.034	0.001	0.945
0.001	0.001	0.001	0.997
0.007	0.944	0.041	0.008
0.067	0.931	0.001	0.001
0.001	0.126	0.872	0.001
0.038	0.037	0.915	0.010
>AASRGGAAGT	24-AASRGGAAGT	7.669108	-732.385717	0	T:9897.0(25.99%),B:5350.4(18.09%),P:1e-318	Tpos:645.6,Tstd:474.8,Bpos:564.8,Bstd:426.8,StrandBias:0.2,Multiplicity:1.18
0.541	0.001	0.266	0.192
0.553	0.001	0.218	0.228
0.226	0.441	0.332	0.001
0.504	0.001	0.494	0.001
0.001	0.001	0.997	0.001
0.001	0.001	0.997	0.001
0.704	0.001	0.001	0.294
0.794	0.124	0.001	0.081
0.030	0.001	0.968	0.001
0.001	0.001	0.001	0.997
>TTCGAGCGTT	25-TTCGAGCGTT	6.549083	-717.361005	0	T:5763.0(15.13%),B:2690.5(9.10%),P:1e-311	Tpos:664.4,Tstd:489.6,Bpos:561.6,Bstd:452.7,StrandBias:0.2,Multiplicity:1.10
0.060	0.008	0.148	0.784
0.028	0.001	0.104	0.867
0.160	0.680	0.029	0.131
0.091	0.140	0.760	0.009
0.898	0.001	0.013	0.088
0.093	0.086	0.820	0.001
0.116	0.852	0.001	0.031
0.024	0.059	0.804	0.113
0.102	0.159	0.040	0.699
0.094	0.143	0.086	0.677
