>HAWTTYCG	1-HAWTTYCG	5.989029	-1087.325038	0	T:11556.0(46.70%),B:6998.7(32.45%),P:1e-472	Tpos:683.8,Tstd:489.3,Bpos:547.0,Bstd:491.5,StrandBias:-0.0,Multiplicity:1.60
0.216	0.362	0.159	0.263
0.479	0.001	0.294	0.226
0.309	0.119	0.154	0.418
0.001	0.068	0.001	0.930
0.001	0.001	0.080	0.918
0.001	0.564	0.001	0.434
0.001	0.796	0.202	0.001
0.001	0.001	0.997	0.001
>CGAAAGAA	2-CGAAAGAA	5.877880	-1047.597611	0	T:10420.0(42.11%),B:6147.8(28.51%),P:1e-454	Tpos:698.8,Tstd:480.6,Bpos:554.5,Bstd:485.7,StrandBias:-0.0,Multiplicity:1.45
0.001	0.997	0.001	0.001
0.001	0.001	0.997	0.001
0.727	0.001	0.271	0.001
0.784	0.109	0.106	0.001
0.500	0.286	0.194	0.020
0.115	0.155	0.719	0.011
0.596	0.059	0.064	0.281
0.832	0.107	0.060	0.001
>TCGCGAGH	3-TCGCGAGH	5.180718	-912.262360	0	T:12952.0(52.35%),B:8400.1(38.95%),P:1e-396	Tpos:704.9,Tstd:476.2,Bpos:550.9,Bstd:519.5,StrandBias:-0.1,Multiplicity:1.84
0.180	0.001	0.138	0.681
0.146	0.720	0.001	0.133
0.038	0.001	0.960	0.001
0.001	0.997	0.001	0.001
0.151	0.001	0.739	0.109
0.915	0.001	0.001	0.083
0.190	0.216	0.386	0.208
0.277	0.395	0.045	0.284
>SCGGTAGT	4-SCGGTAGT	5.315851	-847.733774	0	T:14223.0(57.48%),B:9588.6(44.46%),P:1e-368	Tpos:682.6,Tstd:475.8,Bpos:564.5,Bstd:483.7,StrandBias:0.1,Multiplicity:1.64
0.156	0.493	0.350	0.001
0.001	0.978	0.001	0.020
0.032	0.195	0.738	0.035
0.021	0.059	0.901	0.019
0.108	0.001	0.063	0.828
0.867	0.050	0.001	0.082
0.028	0.059	0.848	0.065
0.001	0.122	0.041	0.836
>CCGATTGG	5-CCGATTGG	5.674566	-811.951207	0	T:9452.0(38.20%),B:5712.9(26.49%),P:1e-352	Tpos:654.4,Tstd:473.4,Bpos:549.6,Bstd:467.0,StrandBias:0.1,Multiplicity:1.45
0.081	0.656	0.114	0.149
0.055	0.636	0.127	0.182
0.020	0.048	0.858	0.074
0.796	0.037	0.060	0.107
0.101	0.108	0.023	0.768
0.094	0.025	0.032	0.849
0.082	0.109	0.745	0.064
0.098	0.142	0.691	0.069
>GTAGTTCG	6-GTAGTTCG	5.072147	-772.369619	0	T:12472.0(50.41%),B:8222.5(38.12%),P:1e-335	Tpos:685.4,Tstd:473.9,Bpos:564.7,Bstd:493.1,StrandBias:0.0,Multiplicity:1.56
0.097	0.294	0.573	0.036
0.147	0.102	0.140	0.611
0.759	0.155	0.039	0.047
0.133	0.238	0.603	0.026
0.072	0.135	0.151	0.642
0.158	0.300	0.080	0.462
0.078	0.751	0.100	0.071
0.007	0.040	0.928	0.025
>ATCCGSTC	7-ATCCGSTC	4.122400	-749.348957	0	T:12942.0(52.31%),B:8657.9(40.14%),P:1e-325	Tpos:674.2,Tstd:461.1,Bpos:549.9,Bstd:504.5,StrandBias:-0.1,Multiplicity:1.64
0.989	0.009	0.001	0.001
0.001	0.001	0.001	0.997
0.245	0.707	0.001	0.047
0.001	0.997	0.001	0.001
0.001	0.001	0.997	0.001
0.142	0.413	0.377	0.068
0.001	0.423	0.001	0.575
0.001	0.881	0.117	0.001
>NCGTWACG	8-NCGTWACG	4.275165	-728.921174	0	T:9533.0(38.53%),B:5900.6(27.36%),P:1e-316	Tpos:706.3,Tstd:499.1,Bpos:550.1,Bstd:488.8,StrandBias:-0.0,Multiplicity:1.46
0.295	0.253	0.282	0.170
0.161	0.587	0.246	0.006
0.001	0.128	0.698	0.173
0.173	0.172	0.210	0.445
0.469	0.029	0.016	0.486
0.537	0.125	0.115	0.223
0.327	0.570	0.066	0.037
0.070	0.250	0.556	0.124
>CGKTBHTA	9-CGKTBHTA	5.103385	-715.667372	0	T:12629.0(51.04%),B:8451.4(39.19%),P:1e-310	Tpos:691.4,Tstd:516.0,Bpos:554.2,Bstd:486.0,StrandBias:0.1,Multiplicity:1.50
0.001	0.911	0.087	0.001
0.001	0.272	0.683	0.044
0.034	0.217	0.362	0.387
0.416	0.001	0.013	0.570
0.001	0.279	0.417	0.303
0.275	0.306	0.142	0.277
0.410	0.001	0.013	0.576
0.689	0.001	0.001	0.309
>TTAGYCGG	10-TTAGYCGG	4.519975	-684.104432	0	T:16011.0(64.71%),B:11457.1(53.12%),P:1e-297	Tpos:692.1,Tstd:491.5,Bpos:550.4,Bstd:491.4,StrandBias:0.0,Multiplicity:1.95
0.080	0.162	0.048	0.710
0.171	0.001	0.001	0.827
0.892	0.028	0.001	0.079
0.309	0.049	0.584	0.058
0.020	0.415	0.154	0.410
0.001	0.997	0.001	0.001
0.001	0.031	0.967	0.001
0.056	0.202	0.646	0.096
>GCGCTAKC	11-GCGCTAKC	2.600419	-677.199160	0	T:11448.0(46.27%),B:7533.7(34.93%),P:1e-294	Tpos:680.6,Tstd:483.6,Bpos:550.5,Bstd:487.8,StrandBias:-0.0,Multiplicity:1.55
0.373	0.001	0.625	0.001
0.001	0.997	0.001	0.001
0.001	0.001	0.997	0.001
0.001	0.683	0.001	0.315
0.333	0.001	0.001	0.665
0.744	0.001	0.001	0.254
0.001	0.001	0.521	0.477
0.019	0.979	0.001	0.001
>AGTCGANT	12-AGTCGANT	6.228112	-643.229550	0	T:6519.0(26.35%),B:3720.9(17.25%),P:1e-279	Tpos:690.3,Tstd:502.7,Bpos:563.4,Bstd:465.9,StrandBias:0.0,Multiplicity:1.19
0.652	0.001	0.027	0.320
0.068	0.217	0.643	0.072
0.198	0.001	0.261	0.540
0.001	0.997	0.001	0.001
0.001	0.001	0.997	0.001
0.700	0.001	0.298	0.001
0.192	0.330	0.247	0.231
0.001	0.286	0.001	0.712
>RAGCGACT	13-RAGCGACT	2.565064	-626.840999	0	T:10148.0(41.01%),B:6559.6(30.41%),P:1e-272	Tpos:704.4,Tstd:481.8,Bpos:552.9,Bstd:476.7,StrandBias:-0.0,Multiplicity:1.33
0.411	0.150	0.439	0.001
0.997	0.001	0.001	0.001
0.001	0.001	0.997	0.001
0.001	0.997	0.001	0.001
0.001	0.001	0.997	0.001
0.997	0.001	0.001	0.001
0.216	0.490	0.001	0.293
0.001	0.001	0.397	0.601
>AAGATGGC	14-AAGATGGC	4.161567	-595.730211	0	T:4319.0(17.46%),B:2209.3(10.24%),P:1e-258	Tpos:670.0,Tstd:465.7,Bpos:563.2,Bstd:454.2,StrandBias:0.3,Multiplicity:1.14
0.997	0.001	0.001	0.001
0.997	0.001	0.001	0.001
0.131	0.001	0.818	0.050
0.997	0.001	0.001	0.001
0.001	0.001	0.001	0.997
0.001	0.001	0.997	0.001
0.001	0.001	0.997	0.001
0.001	0.997	0.001	0.001
>TAAGCTCG	15-TAAGCTCG	5.515045	-581.838143	0	T:10706.0(43.27%),B:7094.4(32.89%),P:1e-252	Tpos:689.9,Tstd:516.2,Bpos:562.6,Bstd:466.6,StrandBias:-0.1,Multiplicity:1.35
0.188	0.012	0.053	0.747
0.812	0.027	0.001	0.160
0.623	0.082	0.177	0.118
0.114	0.194	0.626	0.066
0.081	0.708	0.151	0.060
0.004	0.132	0.029	0.835
0.023	0.879	0.030	0.068
0.029	0.183	0.775	0.013
>CGAAMSKT	16-CGAAMSKT	4.833827	-571.157786	0	T:11501.0(46.48%),B:7771.7(36.03%),P:1e-248	Tpos:688.4,Tstd:501.1,Bpos:558.3,Bstd:484.6,StrandBias:0.0,Multiplicity:1.39
0.015	0.670	0.254	0.061
0.049	0.213	0.546	0.192
0.624	0.005	0.129	0.242
0.790	0.092	0.054	0.064
0.378	0.431	0.181	0.010
0.143	0.362	0.444	0.052
0.125	0.135	0.442	0.297
0.057	0.092	0.270	0.581
>CRACCGAT	17-CRACCGAT	6.486773	-507.657957	0	T:5034.0(20.35%),B:2821.6(13.08%),P:1e-220	Tpos:698.2,Tstd:509.2,Bpos:550.0,Bstd:468.9,StrandBias:-0.2,Multiplicity:1.12
0.001	0.997	0.001	0.001
0.326	0.111	0.397	0.166
0.823	0.144	0.032	0.001
0.001	0.997	0.001	0.001
0.001	0.907	0.001	0.091
0.258	0.001	0.740	0.001
0.955	0.001	0.001	0.043
0.146	0.138	0.001	0.715
>GTSACGTS	18-GTSACGTS	6.351543	-494.294712	0	T:7766.0(31.39%),B:4900.5(22.72%),P:1e-214	Tpos:663.5,Tstd:458.7,Bpos:546.2,Bstd:476.5,StrandBias:0.1,Multiplicity:1.28
0.001	0.115	0.883	0.001
0.001	0.001	0.001	0.997
0.144	0.475	0.365	0.016
0.578	0.073	0.074	0.275
0.073	0.925	0.001	0.001
0.001	0.001	0.997	0.001
0.191	0.001	0.001	0.807
0.174	0.486	0.339	0.001
>DTTCTTCG	19-DTTCTTCG	5.418525	-483.673238	0	T:14499.0(58.60%),B:10519.0(48.77%),P:1e-210	Tpos:708.4,Tstd:502.7,Bpos:563.3,Bstd:501.0,StrandBias:0.0,Multiplicity:1.51
0.329	0.143	0.191	0.337
0.239	0.080	0.063	0.618
0.053	0.310	0.044	0.593
0.170	0.535	0.229	0.066
0.082	0.375	0.009	0.534
0.069	0.033	0.322	0.576
0.001	0.997	0.001	0.001
0.001	0.001	0.997	0.001
>TCTAGCGG	20-TCTAGCGG	4.378947	-478.828660	0	T:14277.0(57.70%),B:10336.0(47.92%),P:1e-207	Tpos:679.2,Tstd:475.8,Bpos:554.1,Bstd:482.5,StrandBias:0.0,Multiplicity:1.48
0.203	0.154	0.111	0.532
0.235	0.513	0.083	0.169
0.094	0.094	0.168	0.644
0.607	0.136	0.105	0.152
0.174	0.066	0.593	0.167
0.126	0.648	0.053	0.173
0.083	0.168	0.676	0.073
0.125	0.263	0.493	0.120
>CGAAGGCG	21-CGAAGGCG	6.524106	-454.542305	0	T:13703.0(55.38%),B:9889.8(45.86%),P:1e-197	Tpos:707.7,Tstd:469.2,Bpos:560.9,Bstd:498.2,StrandBias:0.0,Multiplicity:1.75
0.343	0.602	0.054	0.001
0.170	0.045	0.518	0.267
0.751	0.002	0.228	0.019
0.835	0.163	0.001	0.001
0.001	0.001	0.997	0.001
0.340	0.040	0.619	0.001
0.089	0.756	0.154	0.001
0.001	0.001	0.968	0.030
>TTTTCCCG	22-TTTTCCCG	6.796490	-443.546833	0	T:10982.0(44.38%),B:7599.9(35.24%),P:1e-192	Tpos:705.3,Tstd:496.0,Bpos:550.1,Bstd:481.4,StrandBias:-0.0,Multiplicity:1.37
0.160	0.080	0.001	0.759
0.003	0.001	0.231	0.765
0.001	0.256	0.221	0.522
0.223	0.001	0.001	0.775
0.045	0.903	0.051	0.001
0.076	0.704	0.001	0.219
0.001	0.997	0.001	0.001
0.001	0.001	0.870	0.128
>GGGGCGGG	23-GGGGCGGG	8.236954	-441.383096	0	T:11413.0(46.13%),B:7964.6(36.93%),P:1e-191	Tpos:685.4,Tstd:443.9,Bpos:554.4,Bstd:513.9,StrandBias:0.1,Multiplicity:1.82
0.100	0.100	0.700	0.100
0.100	0.100	0.700	0.100
0.100	0.100	0.700	0.100
0.100	0.100	0.700	0.100
0.100	0.700	0.100	0.100
0.100	0.100	0.700	0.100
0.100	0.100	0.700	0.100
0.100	0.100	0.700	0.100
>TAATGGCG	24-TAATGGCG	6.090309	-341.528454	0	T:1982.0(8.01%),B:923.2(4.28%),P:1e-148	Tpos:736.5,Tstd:520.9,Bpos:587.7,Bstd:469.8,StrandBias:-0.2,Multiplicity:1.08
0.001	0.001	0.204	0.794
0.851	0.001	0.001	0.147
0.997	0.001	0.001	0.001
0.001	0.001	0.001	0.997
0.001	0.001	0.940	0.058
0.174	0.001	0.824	0.001
0.001	0.997	0.001	0.001
0.001	0.001	0.997	0.001
>TGTAGTTC	25-TGTAGTTC	9.001520	-275.469357	0	T:2188.0(8.84%),B:1129.9(5.24%),P:1e-119	Tpos:600.6,Tstd:468.4,Bpos:555.3,Bstd:427.9,StrandBias:-0.1,Multiplicity:1.15
0.001	0.001	0.001	0.997
0.001	0.001	0.997	0.001
0.001	0.001	0.001	0.997
0.997	0.001	0.001	0.001
0.001	0.001	0.997	0.001
0.001	0.001	0.001	0.997
0.001	0.399	0.001	0.599
0.001	0.682	0.001	0.316
