>GTCACGTGACGA	21-GTCACGTGACGA,BestGuess:BHLHE41/MA0636.1/Jaspar(0.954)	8.786888	-316.240080	0	T:1518.0(4.01%),B:613.4(1.98%),P:1e-137
0.012	0.046	0.934	0.008
0.009	0.069	0.036	0.886
0.008	0.951	0.031	0.010
0.938	0.033	0.021	0.008
0.013	0.878	0.043	0.066
0.054	0.010	0.929	0.007
0.020	0.017	0.034	0.929
0.012	0.029	0.946	0.013
0.812	0.081	0.096	0.011
0.032	0.819	0.089	0.060
0.139	0.212	0.534	0.115
0.444	0.205	0.243	0.108
