>VNTTMCGCTTNN	3-VNTTMCGCTTNN	4.660611	-1654.224645	0	T:22732.0(59.69%),B:13313.4(45.01%),P:1e-718
0.331	0.190	0.325	0.154
0.243	0.208	0.275	0.274
0.206	0.048	0.146	0.600
0.148	0.087	0.107	0.658
0.409	0.325	0.068	0.199
0.053	0.755	0.167	0.025
0.022	0.014	0.898	0.066
0.225	0.617	0.053	0.105
0.111	0.092	0.226	0.571
0.322	0.075	0.051	0.552
0.234	0.277	0.311	0.177
0.259	0.214	0.335	0.192
