>NHGCGTAGTRNV	11-NHGCGTAGTRNV	4.649406	-1038.506532	0	T:19449.0(51.07%),B:11695.7(39.54%),P:1e-451
0.240	0.254	0.273	0.233
0.249	0.355	0.174	0.223
0.216	0.100	0.521	0.163
0.046	0.785	0.047	0.122
0.120	0.088	0.730	0.062
0.113	0.085	0.079	0.723
0.721	0.144	0.031	0.104
0.141	0.131	0.510	0.218
0.121	0.273	0.047	0.559
0.259	0.202	0.383	0.156
0.193	0.285	0.284	0.237
0.269	0.222	0.331	0.178
