>NDAAGTCGBCBN	15-NDAAGTCGBCBN	4.628485	-884.729727	0	T:20805.0(54.63%),B:12987.6(43.91%),P:1e-384
0.298	0.270	0.214	0.218
0.242	0.136	0.247	0.376
0.626	0.122	0.073	0.179
0.529	0.191	0.122	0.158
0.158	0.104	0.450	0.289
0.088	0.116	0.062	0.734
0.113	0.699	0.087	0.101
0.043	0.103	0.817	0.037
0.168	0.353	0.225	0.254
0.090	0.575	0.180	0.155
0.120	0.254	0.299	0.327
0.279	0.303	0.155	0.263
