>TTAATGATTAAC	21-TTAATGATTAAC,BestGuess:HNF1b(Homeobox)/PDAC-HNF1B-ChIP-Seq(GSE64557)/Homer(0.978)	2.539324	-334.572499	0	T:22595.0(59.33%),B:15611.2(52.78%),P:1e-145
0.037	0.058	0.028	0.877
0.054	0.049	0.076	0.821
0.940	0.016	0.028	0.016
0.858	0.091	0.008	0.043
0.040	0.010	0.062	0.888
0.131	0.119	0.581	0.169
0.826	0.058	0.034	0.082
0.055	0.025	0.095	0.825
0.037	0.043	0.014	0.906
0.810	0.054	0.052	0.084
0.894	0.035	0.017	0.054
0.087	0.773	0.018	0.122
