>GKAACGGCCGDM	10-GKAACGGCCGDM	4.555984	-1115.076573	0	T:23163.0(60.82%),B:14430.3(48.79%),P:1e-484
0.227	0.212	0.410	0.152
0.159	0.178	0.333	0.330
0.742	0.021	0.091	0.146
0.557	0.121	0.065	0.257
0.070	0.694	0.047	0.189
0.101	0.239	0.563	0.097
0.196	0.115	0.543	0.146
0.206	0.408	0.150	0.236
0.037	0.634	0.230	0.099
0.074	0.114	0.632	0.180
0.331	0.150	0.203	0.316
0.357	0.242	0.206	0.195
