>NATMTCGCGANN	7-NATMTCGCGANN	4.623263	-1594.584276	0	T:19574.0(51.40%),B:10996.5(37.18%),P:1e-692
0.322	0.209	0.209	0.260
0.405	0.195	0.202	0.198
0.100	0.080	0.108	0.712
0.380	0.365	0.137	0.117
0.211	0.122	0.138	0.529
0.173	0.593	0.108	0.126
0.105	0.102	0.645	0.148
0.130	0.793	0.021	0.056
0.082	0.074	0.654	0.190
0.515	0.297	0.046	0.142
0.232	0.337	0.220	0.211
0.249	0.297	0.245	0.208
