>GGGCGGAGTTTA	17-GGGCGGAGTTTA	7.408017	-837.869803	0	T:10538.0(27.67%),B:5633.0(19.04%),P:1e-363
0.060	0.015	0.893	0.032
0.046	0.033	0.893	0.028
0.030	0.046	0.905	0.019
0.090	0.779	0.040	0.091
0.047	0.028	0.889	0.036
0.016	0.031	0.952	0.001
0.704	0.031	0.179	0.086
0.017	0.044	0.924	0.015
0.042	0.052	0.043	0.863
0.010	0.055	0.043	0.892
0.081	0.050	0.215	0.654
0.653	0.124	0.151	0.072
